-1666.471
-1647.979
-1706.798
-1588.021
-1633.157
-1642.722
-1671.91
-1616.373
-1578.118
-1562.57
-1614.447
-1628.216
-1690.773
-1681.963
-1636.567
-1591.625
-1596.374
-1606.886
-1660.908
-1605.817
-1608.781
-1606.046
-1641.45
-1669.581
-1705.711
-1619.83
-1642.432
-1624.233
-1599.592
-1642.824
-1635.081
-1631.832
-1577.539
-1549.172
-1515.351
-1659.411
-1657.672
-1607.279
-1571.003
-1572.522
-1589.385
-1634.213
-1595.963
-1604.172
-1604.131
-1570.327
-1586.251
-1570.221
-1552.531
-1530.938
-1533.163
-1495.534
-1682.58
-1640.696
-1550.001
-1598.023
-1597.979
-1649.475
-1657.781
-1685.317
-1686.863
-1617.194
-1581.412
-1589.46
-1536.385
-1616.868
-1678.33
-1600.879
-1652.756
-1675.587
-1661.669
-1655.86
-1627.548
-1644.256
-1590.007
-1633.427
-1684.367
-1662.423
-1678.037
-1710.351
-1714.174
-1696.208
-1650.008
-1597.043
-1673.991
-1655
-1651.532
-1606.628
-1629.765
-1614.625
-1611.3
-1676.059
-1642.131
-1612.193
-1615.266
-1683.824
-1695.526
-1683.494
-1647.103
-1641.326
-1678.214
-1733.057
-1660.843
-1625.33
-1640.636
-1658.499
-1636.217
-1545.427
-1620.356
-1624.913
-1626.828
-1625.641
-1644.321
-1626.998
-1646.478
-1646.25
-1755.426
-1655.199
-1626.69
-1646.156
-1623.018
-1540.146
-1559.825
-1537.9
-1658.033
-1620.776
-1607.118
-1648.519
-1702.752
-1710.203
-1681.964
-1691.248
-1556.615
-1503.481
-1557.68
-1622.712
-1588.975
-1652.774
-1593.823
-1653.513
-1640.788
-1709.247
-1601.243
-1621.956
-1614.256
-1650.795
-1693.768
-1670.248
-1707.082
-1637.017
-1669.474
-1696.84
-1740.999
-1648.224
-1685.23
-1681.472
-1745.73
-1709.319
-1709.411
-1706.223
-1650.049
-1678.57
-1709.142
-1666.555
-1641.117
-1718.118
-1690.263
-1682.061
-1642.073
-1687.019
-1687.083
-1709.14
-1692.347
-1624.878
-1758.3
-1644.795
-1720.849
-1660.108
-1686.758
-1683.719
-1574.185
-1672.307
-1658.796
-1685.879
-1706.084
-1653.047
-1566.066
-1651.297
-1647.503
-1682.422
-1674.482
-1693.047
-1677.354
-1638.199
-1619.969
-1582.755
-1614.191
-1669.231
-1590.126
-1636.43
-1643.767
-1615.957
-1562.382
-1653.751
-1620.363
-1609.018
-1649.238
-1605.936
-1720.615
-1694.067
-1727.96
-1668.273
-1667.14
-1682.162
-1661.82
-1605.689
-1619.428
-1655.983
-1583.828
-1586.907
-1622.629
-1609.506
-1622.831
-1731.547
-1649.576
-1584.179
-1603.936
-1692.164
-1559.557
-1614.766
-1658.31
-1644.086
-1620.243
-1635.927
-1564.112
-1616.517
-1599.71
-1626.486
-1610.945
-1570.606
-1659.937
-1653.872
-1731.697
-1604.182
-1658.82
-1638.715
-1678.917
-1614.242
-1577.465
-1569.008
-1601.588
-1623.626
-1685.599
-1672.49
-1632.246
-1578.193
-1584.327
-1581.815
-1632.654
-1599.216
-1578.177
-1598.961
-1626.744
-1646.409
-1681.508
-1595.75
-1608.595
-1600.467
-1566.964
-1620.37
-1632.146
-1620.01
-1593.444
-1559.821
-1531.01
-1674.314
-1650.318
-1631.159
-1595.195
-1581.684
-1606.953
-1659.827
-1597.937
-1612.293
-1596.538
-1556.784
-1573.188
-1575.149
-1554.513
-1553.106
-1543.613
-1487.404
-1661.079
-1654.111
-1570.922
-1610.437
-1627.55
-1676.944
-1676.193
-1686.945
-1681.788
-1614.641
-1562.661
-1566.771
-1543.303
-1626.902
-1673.404
-1610.531
-1665.781
-1673.329
-1682.469
-1662.089
-1649.859
-1646.201
-1579.31
-1633.314
-1679.836
-1663.315
-1694.936
-1691.663
-1708.24
-1689.9
-1658.642
-1597.462
-1660.151
-1648.489
-1650.516
-1596.877
-1605.064
-1622.647
-1632.617
-1705.497
-1651.635
-1624.141
-1625.966
-1683.402
-1694.77
-1677.329
-1638.503
-1649.091
-1673.354
-1731.801
-1658.832
-1623.06
-1625.195
-1658.28
-1657.334
-1551.692
-1622.321
-1638.743
-1640.848
-1629.426
-1629.019
-1612.383
-1650.523
-1641.382
-1757.046
-1643.331
-1643.223
-1634.095
-1620.331
-1554.621
-1537.818
-1533.197
-1647.453
-1633.14
-1599.34
-1639.269
-1687.266
-1705.377
-1699.507
-1703.066
-1583.705
-1515.781
-1577.443
-1641.819
-1606.666
-1677.78
-1602.04
-1638.469
-1651.602
-1697.685
-1602.416
-1621.692
-1623.195
-1650.614
-1685.451
-1674.55
-1702.093
-1655.677
-1683.639
-1686.475
-1727.118
-1655.073
-1674.799
-1684.076
-1758.991
-1699.755
-1704.037
-1700.18
-1657.942
-1674.404
-1717.24
-1674.016
-1638.97
-1745.305
-1716.364
-1680.805
-1613.673
-1686.78
-1679.632
-1694.411
-1700.002
-1630.491
-1760.739
-1650.936
-1703.678
-1656.466
-1675.482
-1684.639
-1584.717
-1685.437
-1676.574
-1686.608
-1723.076
-1683.993
-1589.295
-1671.717
-1653.749
-1661.029
-1666.992
-1701.404
-1675.638
-1637.752
-1621.289
-1591.701
-1632.104
-1677.994
-1600.554
-1655.382
-1641.89
-1609.308
-1560.573
-1651.335
-1631.136
-1612.87
-1649.944
-1607.903
-1707.132
-1680.806
-1739.8
-1664.801
-1669.306
-1685.566
-1661.253
-1622.037
-1624.353
-1694.659
-1596.661
-1596.418
-1601.653
-1600.016
-1616.568
-1721.257
-1646.218
-1556.901
-1583.919
-1655.702
-1554.727
-1611.982
-1656.479
-1635.662
-1600.28
-1620.016
-1532.428
-1622.766
-1596.691
-1634.633
-1601.6
-1562.003
-1672.13
-1621.847
-1693.286
-1593.642
-1668.905
-1643.482
-1682.299
-1630.151
-1608.035
-1595.361
-1639.211
-1657.274
-1701.018
-1679.04
-1628.572
-1561.417
-1585.148
-1609.486
-1645.962
-1612.238
-1597.325
-1568.219
-1630.408
-1655.3
-1683.479
-1602.184
-1612.263
-1602.638
-1569.051
-1623.715
-1604.03
-1613.416
-1569.483
-1545.324
-1535.704
-1686.526
-1667.064
-1606.337
-1570.806
-1570.996
-1595.111
-1638.673
-1589.325
-1597.564
-1606.94
-1561.529
-1610.263
-1589.287
-1555.974
-1553.912
-1558.853
-1495.252
-1681.623
-1645.946
-1570.212
-1634.494
-1644.376
-1697.144
-1687.552
-1695.201
-1715.766
-1642.709
-1593.079
-1591.429
-1545.118
-1604.218
-1651.131
-1602.936
-1644.251
-1662.739
-1640.43
-1626.278
-1608.298
-1613.424
-1553.709
-1634.253
-1669.421
-1642.553
-1680.375
-1706.733
-1711.293
-1668.008
-1634.905
-1589.132
-1652.501
-1630.639
-1622.806
-1571.347
-1595.451
-1594.102
-1620.156
-1689.613
-1650.389
-1597.234
-1609.277
-1698.857
-1696.065
-1665.027
-1643.957
-1613.794
-1647.152
-1741.921
-1676.668
-1627.959
-1651.032
-1669.022
-1638.077
-1546.89
-1636.152
-1641.305
-1653.337
-1644.962
-1639.777
-1613.482
-1636.391
-1645.154
-1760.884
-1654.192
-1608.84
-1606.373
-1594.453
-1543.679
-1561.858
-1537.357
-1652.912
-1632.774
-1587.009
-1643.161
-1673.232
-1712.001
-1678.302
-1669.362
-1555.605
-1498.749
-1551.99
-1625.843
-1606.62
-1660.848
-1599.311
-1652.224
-1618.683
-1690.051
-1606.244
-1644.489
-1637.942
-1665.944
-1687.4
-1684.809
-1728.733
-1651.954
-1667.372
-1684.226
-1733.273
-1646.157
-1722.655
-1710.21
-1751.185
-1696.124
-1693.27
-1715.531
-1663.891
-1689.307
-1728.967
-1676.296
-1654.964
-1746.962
-1685.73
-1655.917
-1609.974
-1679.113
-1672.011
-1669.418
-1663.314
-1591.92
-1720.261
-1617.325
-1694.787
-1643.925
-1678.478
-1693.046
-1605.38
-1699.567
-1639.714
-1675.079
-1693.953
-1644.645
-1547.476
-1655.445
-1667.987
-1710.329
-1664.861
-1719.072
-1694.905
-1660.082
-1624.754
-1590.271
-1629.597
-1687.184
-1623.563
-1683.276
-1647.451
-1628.777
-1570.597
-1637.573
-1591.828
-1601.394
-1596.379
-1580.478
-1703.085
-1693.832
-1734.698
-1666.61
-1647.322
-1661.594
-1660.301
-1622.706
-1603.738
-1669.88
-1593.446
-1611.392
-1638.879
-1606.814
-1637.83
-1740.83
-1639.481
-1588.635
-1601.009
-1682.584
-1547.734
-1606.581
-1633.098
-1661.57
-1617.047
-1626.541
-1539.302
-1621.718
-1615.632
-1645.779
-1617.523
-1585.056
-1672.13
-1621.847
-1693.286
-1593.642
-1668.905
-1643.482
-1682.299
-1630.151
-1608.035
-1595.361
-1639.211
-1657.274
-1701.018
-1679.04
-1628.572
-1561.417
-1585.148
-1609.486
-1645.962
-1612.238
-1597.325
-1568.219
-1630.408
-1655.3
-1683.479
-1602.184
-1612.263
-1602.638
-1569.051
-1623.715
-1604.03
-1613.416
-1569.483
-1545.324
-1535.704
-1686.526
-1667.064
-1606.337
-1570.806
-1570.996
-1595.111
-1638.673
-1589.325
-1597.564
-1606.94
-1561.529
-1610.263
-1589.287
-1555.974
-1553.912
-1558.853
-1495.252
-1681.623
-1645.946
-1570.212
-1634.494
-1644.376
-1697.144
-1687.552
-1695.201
-1715.766
-1642.709
-1593.079
-1591.429
-1545.118
-1604.218
-1651.131
-1602.936
-1644.251
-1662.739
-1640.43
-1626.278
-1608.298
-1613.424
-1553.709
-1634.253
-1669.421
-1642.553
-1680.375
-1706.733
-1711.293
-1668.008
-1634.905
-1589.132
-1652.501
-1630.639
-1622.806
-1571.347
-1595.451
-1594.102
-1620.156
-1689.613
-1650.389
-1597.234
-1609.277
-1698.857
-1696.065
-1665.027
-1643.957
-1613.794
-1647.152
-1741.921
-1676.668
-1627.959
-1651.032
-1669.022
-1638.077
-1546.89
-1636.152
-1641.305
-1653.337
-1644.962
-1639.777
-1613.482
-1636.391
-1645.154
-1760.884
-1654.192
-1608.84
-1606.373
-1594.453
-1543.679
-1561.858
-1537.357
-1652.912
-1632.774
-1587.009
-1643.161
-1673.232
-1712.001
-1678.302
-1669.362
-1555.605
-1498.749
-1551.99
-1625.843
-1606.62
-1660.848
-1599.311
-1652.224
-1618.683
-1690.051
-1606.244
-1644.489
-1637.942
-1665.944
-1687.4
-1684.809
-1728.733
-1651.954
-1667.372
-1684.226
-1733.273
-1646.157
-1722.655
-1710.21
-1751.185
-1696.124
-1693.27
-1715.531
-1663.891
-1689.307
-1728.967
-1676.296
-1654.964
-1746.962
-1685.73
-1655.917
-1609.974
-1679.113
-1672.011
-1669.418
-1663.314
-1591.92
-1720.261
-1617.325
-1694.787
-1643.925
-1678.478
-1693.046
-1605.38
-1699.567
-1639.714
-1675.079
-1693.953
-1644.645
-1547.476
-1655.445
-1667.987
-1710.329
-1664.861
-1719.072
-1694.905
-1660.082
-1624.754
-1590.271
-1629.597
-1687.184
-1623.563
-1683.276
-1647.451
-1628.777
-1570.597
-1637.573
-1591.828
-1601.394
-1596.379
-1580.478
-1703.085
-1693.832
-1734.698
-1666.61
-1647.322
-1661.594
-1660.301
-1622.706
-1603.738
-1669.88
-1593.446
-1611.392
-1638.879
-1606.814
-1637.83
-1740.83
-1639.481
-1588.635
-1601.009
-1682.584
-1547.734
-1606.581
-1633.098
-1661.57
-1617.047
-1626.541
-1539.302
-1621.718
-1615.632
-1645.779
-1617.523
-1585.056
-1672.13
-1621.847
-1693.286
-1593.642
-1668.905
-1643.482
-1682.299
-1630.151
-1608.035
-1595.361
-1639.211
-1657.274
-1701.018
-1679.04
-1628.572
-1561.417
-1585.148
-1609.486
-1645.962
-1612.238
-1597.325
-1568.219
-1630.408
-1655.3
-1683.479
-1602.184
-1612.263
-1602.638
-1569.051
-1623.715
-1604.03
-1613.416
-1569.483
-1545.324
-1535.704
-1686.526
-1667.064
-1606.337
-1570.806
-1570.996
-1595.111
-1638.673
-1589.325
-1597.564
-1606.94
-1561.529
-1610.263
-1589.287
-1555.974
-1553.912
-1558.853
-1495.252
-1681.623
-1645.946
-1570.212
-1634.494
-1644.376
-1697.144
-1687.552
-1695.201
-1715.766
-1642.709
-1593.079
-1591.429
-1545.118
-1604.218
-1651.131
-1602.936
-1644.251
-1662.739
-1640.43
-1626.278
-1608.298
-1613.424
-1553.709
-1634.253
-1669.421
-1642.553
-1680.375
-1706.733
-1711.293
-1668.008
-1634.905
-1589.132
-1652.501
-1630.639
-1622.806
-1571.347
-1595.451
-1594.102
-1620.156
-1689.613
-1650.389
-1597.234
-1609.277
-1698.857
-1696.065
-1665.027
-1643.957
-1613.794
-1647.152
-1741.921
-1676.668
-1627.959
-1651.032
-1669.022
-1638.077
-1546.89
-1636.152
-1641.305
-1653.337
-1644.962
-1639.777
-1613.482
-1636.391
-1645.154
-1760.884
-1654.192
-1608.84
-1606.373
-1594.453
-1543.679
-1561.858
-1537.357
-1652.912
-1632.774
-1587.009
-1643.161
-1673.232
-1712.001
-1678.302
-1669.362
-1555.605
-1498.749
-1551.99
-1625.843
-1606.62
-1660.848
-1599.311
-1652.224
-1618.683
-1690.051
-1606.244
-1644.489
-1637.942
-1665.944
-1687.4
-1684.809
-1728.733
-1651.954
-1667.372
-1684.226
-1733.273
-1646.157
-1722.655
-1710.21
-1751.185
-1696.124
-1693.27
-1715.531
-1663.891
-1689.307
-1728.967
-1676.296
-1654.964
-1746.962
-1685.73
-1655.917
-1609.974
-1679.113
-1672.011
-1669.418
-1663.314
-1591.92
-1720.261
-1617.325
-1694.787
-1643.925
-1678.478
-1693.046
-1605.38
-1699.567
-1639.714
-1675.079
-1693.953
-1644.645
-1547.476
-1655.445
-1667.987
-1710.329
-1664.861
-1719.072
-1694.905
-1660.082
-1624.754
-1590.271
-1629.597
-1687.184
-1623.563
-1683.276
-1647.451
-1628.777
-1570.597
-1637.573
-1591.828
-1601.394
-1596.379
-1580.478
-1703.085
-1693.832
-1734.698
-1666.61
-1647.322
-1661.594
-1660.301
-1622.706
-1603.738
-1669.88
-1593.446
-1611.392
-1638.879
-1606.814
-1637.83
-1740.83
-1639.481
-1588.635
-1601.009
-1682.584
-1547.734
-1606.581
-1633.098
-1661.57
-1617.047
-1626.541
-1539.302
-1621.718
-1615.632
-1645.779
-1617.523
-1585.056
