0.06176131 0.03075208 -0.09980884 -0.02816728 -0.008730329 -0.01683377 -0.01913028
0.01758886 0.02650463 0.05208451 0.004086036 -0.03801326 -0.03594505 -0.01166092
0.03312246 0.03063859 -0.03280119 -0.004809903 -0.009988271 0.01117983 0.01052468
-0.07128272 -0.09257326 -0.04147848 -0.05022069 -0.01657033 -0.04640686 -0.02808574
0.05793839 0.05612069 -0.02198219 0.0452504 -0.01442957 0.01183243 0.02243401
0.04760214 0.03348944 -0.03646604 -0.07348943 -0.00914597 -0.03658996 -0.05140796
0.05744905 0.05484949 -0.01828123 -0.008274122 -0.02083485 -0.003441611 0.02542273
0.03278215 0.0272925 -0.02951929 0.05017683 -0.001813811 0.004435222 -0.007775934
0.006277076 -0.00330742 -0.02691613 -0.06508096 -0.05990895 0.03000999 0.1159986
0.004446918 0.006563974 -0.02394706 -0.04517404 -0.03236852 0.04578556 0.08744936
0.06051614 0.07068015 0.02481831 0.03757639 0.01020937 0.01166488 0.02853386
-0.005689326 -0.005254213 0.0003380906 -0.04900861 -0.0005387035 -0.03310519 -0.03689632
0.08610802 0.07866014 -0.0004767009 0.01277228 -0.006652894 0.02420663 0.01031457
-0.006472791 -0.03218164 -0.03191817 -0.03728162 -0.02344269 -0.02042547 0.006096142
0.01118599 0.01235212 0.001403838 0.02958851 -0.0119903 -0.01903005 -0.01519791
0.008177299 0.0122319 -0.001987802 -0.007518704 -0.00283727 0.02632472 0.05732627
0.05859156 0.0445527 -0.03976587 -0.02207937 -0.005903704 0.04925348 0.08347463
0.04044223 0.03582157 -0.02642646 -0.004103446 0.01123217 0.00822473 -0.02245403
0.03642593 0.03785075 -0.03489524 -0.02005637 0.04744604 0.04779382 0.03779107
-0.005892614 -0.006636816 -0.02263548 -0.02281094 -0.01191187 -0.03133019 -0.02246401
-0.05533772 -0.05996056 0.005514995 -0.06951584 -0.01778584 -0.04702961 -0.03032993
0.02289981 0.02334547 -0.003867235 -0.03328891 -0.03351714 0.02141187 0.07519292
0.05407507 0.04308949 -0.07149733 -0.04997261 -0.07181703 -0.03608562 0.009394467
0.03839482 0.03566936 -0.01992533 -0.03809994 0.06695751 0.01031209 -0.05625078
-0.006643756 -0.02001392 -0.05410055 -0.0348119 0.004891232 0.04508559 0.05333264
0.0386612 0.01852804 -0.1101172 -0.03385299 0.01546754 -0.02380763 -0.02955774
0.007679166 -0.002163849 -0.01896842 0.01151548 -0.001977781 0.02195553 0.02102127
-0.01062268 -0.004933875 0.03101933 0.04191464 -0.04098926 0.02459792 0.06623422
0.0471548 0.02090272 -0.06962579 -0.05329709 0.00352361 0.01957551 0.003188995
-0.01018789 -0.02443012 -0.0428644 0.02718107 -0.01790963 -0.01744631 0.02287079
-0.0537577 -0.04351569 0.03514193 -0.08262589 -0.009229057 -0.03600648 -0.02292709
0.04762943 0.06583225 0.04384103 -0.03114635 0.02544688 -0.02641318 -0.05861304
-0.02146674 -0.01924516 0.03612691 0.008865541 0.01712388 -0.02340077 -0.02758774
0.03831012 0.03616767 0.01074297 -0.0323675 -0.002054355 -0.04116631 -0.03950765
0.00665113 0.003860325 0.02064865 0.06729003 -0.0009180709 0.009375513 -0.005926949
0.09848243 0.1086562 -0.003380972 0.01333043 0.004460801 0.01083266 -0.0006641736
-0.02079826 -0.01828683 0.02226731 0.009964535 -0.02359968 0.01338441 0.0286274
-0.02448524 -0.0327601 -0.07099087 0.05608237 -0.004452758 -0.01934798 -0.02470887
-0.0683085 -0.05620434 0.03552075 -0.03044926 0.004750544 -0.007725639 -0.03902649
0.0403604 0.03409114 0.005621654 0.00274119 -0.008041364 0.03947318 0.03801723
-0.02346083 -0.02125103 0.006397914 0.04456401 0.03425528 -0.0461301 -0.09837687
0.08121484 0.09132856 -0.02137017 0.03238536 -0.01610215 -0.01523267 -0.01897311
-0.02360956 -0.0391147 0.00143248 -0.03075762 -0.03717247 -0.02368413 0.008509824
0.02572549 0.01497821 -0.03031554 -0.02558775 0.01578788 -0.04022567 -0.07585777
-0.008195051 -0.001399369 0.02254243 -0.0147883 0.01542524 -0.0587403 -0.07275252
-0.003857724 -0.004457594 0.002971813 0.0008908303 -0.01274496 -0.02837411 -0.03670545
0.105768 0.1058725 0.0321922 0.08648536 0.04863374 0.0637738 0.02539367
0.007941827 0.005638986 -0.01399079 -0.002640112 0.02357312 -0.05121103 -0.109957
0.003181429 0.003384123 0.05698949 -0.002795963 -0.02318847 -0.003646961 0.02808735
-0.01571171 -0.01330088 -0.02894874 -0.02237995 -0.02421149 -0.02373777 0.009664387
0.03677497 0.04152126 0.02966982 0.04516586 0.01177274 0.05069073 0.04561541
0.0343902 0.04991379 0.01617101 -0.03505881 -0.04344462 -0.02012534 -0.01511902
0.02252254 0.01229112 0.009312559 0.02905534 -0.08204203 -0.02576303 0.02611856
0.02842115 0.02668021 0.0008230429 0.01035558 0.01057369 -0.0007158081 0.008080196
-0.04268316 -0.03261066 0.09175589 0.01595751 -0.01883681 0.02230501 0.05307999
-0.03192563 -0.03083141 -0.01451611 -0.02041476 -0.02538871 -0.0003142148 0.03326044
-0.002357031 -0.004329254 -0.06063241 -0.004685193 -0.02118868 0.00792269 0.009048681
-0.04241909 -0.02537138 0.05840456 -0.01054816 -0.008632926 -0.01366627 -0.01496542
0.0166528 0.0089005 -0.04146919 0.001746829 0.04559645 -0.01146045 -0.06714456
0.05867937 0.03824002 -0.07925962 0.0172792 -0.01659036 0.02106515 0.04689804
0.1156057 0.1193198 -0.04096882 -0.009468946 0.003914843 0.06072379 0.07769476
0.02621159 0.0119791 -0.06639108 0.02539125 -0.01037777 -0.06017881 -0.07892134
-0.0448887 -0.0512568 -0.01629336 -0.01556197 0.01546768 -0.02671523 -0.04137336
0.02894275 0.01993839 -0.01863808 0.03917279 -0.03906706 0.002449628 0.03748991
0.06633563 0.04591791 -0.06885583 -0.05142203 0.003619681 0.02792711 0.03605698
-0.00367029 -0.01021858 -0.01094548 0.03351619 -0.0003488701 0.01889521 0.02473502
0.05229312 0.06257437 0.02881959 0.02388178 -0.002159421 0.06970619 0.09089393
0.0539778 0.05484598 -0.01380163 -0.01213335 0.01737966 -0.0711427 -0.09722123
-0.004402613 0.002260918 -0.01560186 -0.0355753 -0.022017 0.01243012 0.05943252
-0.03382611 -0.0275959 0.01516917 0.0209122 0.00338321 -0.02071751 -0.04590583
0.05991809 0.07722742 0.0568296 0.00720116 -0.02505897 0.01791258 0.03087329
0.004563045 -0.02611731 -0.0711546 0.02319835 -0.007612243 -0.0207223 -0.02144447
0.09069127 0.08350195 -0.06691992 -0.08081941 -0.01900331 -0.0169623 0.01957029
0.01355955 0.01081865 -0.01689813 0.04283614 -0.02136854 -0.01239978 0.03049885
-0.1180968 -0.1066092 0.07255902 -0.03504806 -0.03358144 -0.05206987 -0.03165703
-0.02717285 -0.02189128 0.02085481 0.00375126 -0.05262112 -0.00713245 0.02640726
0.01265906 0.04953689 0.09482426 0.001132299 0.004721057 0.03051163 0.03992182
-0.02891368 -0.02608227 0.04703134 0.01065741 0.04386697 0.06430965 0.01562132
0.01726299 0.006106771 -0.06259846 0.03088594 0.02246274 -0.0558881 -0.09717778
-0.02357213 -0.001695095 0.05303479 0.008630476 0.03465884 -0.02476159 -0.04145865
-0.05238137 -0.0372093 0.04813224 0.0623515 0.007405232 0.0280091 0.003391284
-0.1130791 -0.1058515 0.06116978 -0.05271841 -0.006451165 -0.0232255 -0.01342449
0.04541744 0.04344448 -0.02007907 0.02757961 0.05540395 -0.01829671 -0.08962933
-0.001882466 -0.01484121 -0.08943639 -0.07527016 -0.04461306 -0.1030551 -0.05569016
0.01089142 0.01126116 -0.02979202 0.06868657 0.02443025 0.01941684 -0.02626854
0.04396574 0.05380947 0.01865335 0.03557861 -0.05481914 -0.04037439 -0.02519393
0.01622581 0.02888977 0.008326358 -0.008257127 -0.008252494 -0.01575008 -0.02779691
0.002122 0.0112509 0.03106185 -0.02261886 -0.0318615 -0.04585037 -0.01892988
-0.01549254 -0.02890836 -0.007169941 0.003826202 -0.04294353 -0.05284582 -0.00566871
-0.04041318 -0.04463986 0.01219683 0.01054597 -0.01869692 0.009783528 0.02008235
-0.04504426 -0.0478231 0.0213537 -0.04790527 -0.03686848 -0.05903592 -0.04622599
-0.0389099 -0.02938039 0.0234775 -0.05347314 -0.01208443 -0.002064023 -0.01536651
-0.07557754 -0.0805765 -0.01076533 0.005912414 0.003258489 -0.01750898 -0.05203377
-0.0001755481 0.01269241 0.0261207 -0.05439021 -0.01172815 -0.020546 0.004264354
0.05272632 0.04302014 -0.07147437 0.007684609 0.0223688 0.08177514 0.07762129
-0.02908358 -0.03737536 -0.04618737 -0.06011986 -0.01001262 -0.07814774 -0.1045306
0.002243795 -0.0006738858 -0.02314959 0.07443512 0.03151434 0.01878916 -0.003980809
-0.03202056 -0.03309549 -0.04304112 -0.03633675 0.01067134 0.03616156 0.03558619
0.0138618 0.02931723 0.0152401 0.002169252 -0.02751875 -0.03059172 0.009862429
0.04138714 0.03343585 -0.01096167 0.008432666 -0.03440266 -0.01913693 -0.003846414
0.0227244 0.02282219 0.01874863 -0.01312934 0.001393335 0.03354767 0.0436976
-0.03724493 -0.01761128 0.009878496 0.04852518 0.05260873 0.03555068 -0.001332211
-0.02173533 -0.04060084 -0.003873042 -0.02578091 0.02996655 -0.05675752 -0.07560044
0.02984304 0.02783526 0.002825877 0.03766753 0.0200845 0.02853048 0.01282143
-0.04938108 -0.05036328 -0.02246804 -0.007542983 -0.02375423 -0.02845332 -0.00816772
-0.009702222 -0.01682248 -0.0432015 -0.01746007 0.007698452 0.02165824 0.003845975
0.02692062 0.02112151 0.001579092 0.01187339 -0.02696243 0.02074833 0.03210899
0.01728502 0.01698873 -0.04150319 -0.0262939 -0.03369296 0.001212245 0.04795633
0.006571952 -0.009594746 -0.06359025 0.03381588 0.02845141 -0.03694691 -0.05266102
0.01651168 0.0278341 -0.007458959 0.06340135 0.05557027 0.02648576 -0.01198612
-0.00817872 -0.01300781 0.007933352 0.007740898 -0.01305553 0.03736541 0.06666476
0.03301636 0.01644352 -0.03497447 -0.06276293 -0.02801875 -0.0152776 0.01821606
-0.07112153 -0.07323528 0.03252499 0.02524973 0.01994117 0.007041497 -0.01782618
-0.02552973 -0.04939933 -0.02854333 -0.07405347 -0.01955245 -0.0424133 -0.02081908
0.01091402 0.02022761 0.02041597 -0.01058981 -0.04592539 0.01872112 0.04602711
-0.03046723 -0.03711306 0.0008331807 0.06788424 -0.01485277 0.01150734 0.01152723
0.04507824 0.0426612 0.01972416 0.04917831 0.06429323 0.05113768 -0.01937868
0.03051964 0.03758643 0.02214712 -0.008362122 -0.01807921 -0.004657009 0.03351753
0.02385924 0.02932629 0.009462635 0.04185435 -0.01908281 -0.02632131 -0.007664897
0.07576378 0.07193146 -0.005224181 0.04109905 0.01159552 0.01051597 -0.01171054
-0.002737137 0.01010465 0.04415248 0.02572471 -0.005412358 0.01905443 0.004700622
-0.03602067 -0.04430017 0.02359739 0.03992642 -0.008573523 0.03793827 0.04606078
0.03083923 0.03495314 -0.004714492 0.02422417 0.003528193 0.06615691 0.08329114
0.02751459 0.02895161 0.01822949 0.03080639 0.05700493 -0.01681879 -0.07636972
-0.06098709 -0.06095188 -0.0155976 -0.05750966 0.01114278 -0.06037536 -0.1022869
-0.0006236706 -0.002045126 -0.01694189 -0.09394201 -0.01846877 -0.02711124 0.00750939
0.0691806 0.07829347 0.03416528 0.07045018 0.01036649 0.02192325 0.04526265
-0.0001573717 -0.01329237 -0.03657045 -0.04270883 -0.03264686 -0.02397025 -0.001796191
-0.1414528 -0.1275689 0.08568935 -0.02274416 -0.0559219 -0.05776196 -0.005167426
-0.08223711 -0.07684069 0.04892234 -0.06555233 0.01120907 -0.0006856869 -0.01295125
-0.009688548 -0.02931714 -0.09504523 -0.0341785 -0.007409209 -0.02412544 -0.01864692
-0.02132596 -0.01089581 0.07368685 -0.007238517 -0.02786658 0.0491581 0.09875947
-0.004126607 -0.009034983 -0.03235324 -0.04676026 -0.0169614 -0.01684899 0.009878398
0.03496383 0.04483805 0.01880633 0.01384647 -0.01210474 0.0004476178 0.01329261
-0.03968415 -0.0418666 -0.05117305 -0.005942325 -0.03434832 -0.03190024 0.02511746
-0.03613075 -0.03676366 -0.003949079 0.1030328 0.02057195 0.06692237 0.05127264
0.01415188 0.01047547 0.02323081 0.02911118 0.02560477 -0.00739799 -0.05847052
0.00451219 0.0004220233 0.02080598 -0.01906189 -0.007475632 0.002257817 0.001576765
0.006999724 0.0206067 0.02433225 -0.008356448 -0.0269776 0.03437764 0.08340983
0.06597094 0.07022093 -0.01859626 0.05150694 0.03651008 0.02589832 -0.02086479
0.05595994 0.05742459 0.01681905 0.04707523 -0.01530491 0.08466603 0.09828738
-0.02080984 -0.04593767 -0.04453516 -0.002363391 0.005444383 -0.02974166 -0.03535673
-0.0318329 -0.03174389 0.0140654 0.02159731 0.007045075 -0.02543602 -0.05398049
-0.03930723 -0.02775676 0.01828714 0.04892571 -0.02469138 0.06512601 0.1195479
-0.100606 -0.08834546 0.03504353 0.01326695 -0.01155206 0.02605092 0.05977714
0.03362067 0.02562188 -0.05796892 0.006635463 0.0329263 0.002022889 -0.02804373
0.002020886 -0.00334314 -0.03356662 0.03351542 0.01975267 0.01138348 -0.00781045
0.01596707 0.01443924 -0.02140302 0.03314621 0.01296665 -0.006813876 -0.01184869
-0.007547273 0.007826823 0.05090043 0.02261458 -0.02156057 -0.004411894 0.03925397
-0.04553346 -0.03007878 0.06815522 0.03889243 0.0004032034 0.04707273 0.05225993
0.004858675 0.01281984 -0.01094086 -0.01589259 0.05097878 -0.02906708 -0.08185622
0.07524831 0.06955672 -0.05597801 -0.02092914 -0.02342131 0.01459323 0.05573426
0.04757206 0.0540231 0.04415513 0.02748781 0.01772468 0.05157492 0.04149994
-0.03014476 -0.04168848 -0.02971774 -0.0781587 -0.01227399 -0.04994054 -0.03973161
0.06551282 0.04181996 -0.1050113 -0.0237596 -0.03112092 -0.04418575 -0.03846477
-0.0108275 -0.0200949 0.01231902 -0.009699065 -0.01514159 -0.004871897 0.03189804
0.02830803 0.02834511 0.03014398 -0.003553752 -0.03215757 -0.01563174 0.001375554
-0.1083147 -0.1061889 0.005688389 -0.009949264 -0.0519229 -0.0006941557 0.07447306
-0.02860733 -0.02468999 0.02754552 0.009964144 0.03012456 0.009461486 -0.01526014
0.007308011 0.01553887 0.05037096 0.05674298 0.01025441 0.004466643 -0.01350053
-0.06194726 -0.05990355 0.002921817 -0.02866503 -0.0007040357 0.008598468 0.02384442
-0.01809542 -0.01841622 -0.01265683 -0.01837994 0.01241918 -0.004383815 -0.03875102
0.05592347 0.06197017 -0.00509468 0.03922379 -0.000969425 0.0422239 0.07483371
-0.05189144 -0.04906946 0.03715052 0.04363399 0.007283052 0.02115621 0.01269708
0.0282549 0.03661166 0.04581051 -0.03979128 -0.007337635 -0.03632243 -0.04833375
0.05837306 0.05965476 -0.006095056 0.03217973 -0.04728761 0.01037981 0.06785694
-0.0894865 -0.09285744 -0.06225839 -0.1319296 -0.03586379 -0.01393638 0.02752879
-0.03376168 -0.01906539 0.09649602 8.849256e-05 -0.02349146 0.02474265 0.0608068
-0.03774315 -0.03861966 0.003598224 -0.04201095 0.003282917 0.01193294 -0.004286887
0.00326094 0.009496477 0.004019733 -0.00430067 0.0243897 0.02258434 0.0130342
0.0764727 0.07150813 -0.01658587 0.009597344 0.06349825 -0.03834083 -0.1153309
-0.04756024 -0.04509679 -0.01641641 0.02542706 0.01522612 -0.007083376 -0.05570944
0.03967844 0.03922039 -0.003635329 0.01726595 -0.02412594 -0.05224914 -0.02722203
0.1305301 0.1227958 -0.1032597 -0.01113807 0.002001485 -0.05116832 -0.05811105
-0.01509316 -0.02164222 -0.001106927 -0.01286876 -0.01131734 0.01620521 0.02716592
-0.05056269 -0.06121713 -0.03584854 0.04629593 0.009457802 0.02833583 0.05393358
-0.03813047 -0.02516513 0.04038055 0.02800304 0.04380651 0.05035861 0.01914776
-0.07469998 -0.06818769 0.03307308 0.01532559 0.003006159 0.01644852 0.03612741
0.00706297 0.01750881 -0.01672631 -0.01566281 0.005278335 -0.03095005 -0.07230323
0.0490889 0.04014875 -0.01292108 0.07949915 0.02254578 0.02183703 -0.006950202
-0.03364698 -0.02448242 0.01877047 0.005102169 0.0168262 0.01422687 -0.004434436
0.01055761 0.01043869 -0.002444264 -0.04757528 -0.002153913 0.06533519 0.107955
-0.04338669 -0.03666723 0.0138023 -0.04091974 -0.005296273 0.0008781216 0.03476567
0.04266674 0.04023836 -0.04386813 -0.01817206 -0.02053551 0.03595041 0.07721093
-0.004906361 0.003034567 0.01106477 -0.01114755 -0.04559246 -0.02600274 0.02652017
-0.04973481 -0.03145356 0.05075145 -0.03772299 0.02247789 0.005418417 -0.03308245
-0.02058592 -0.03291376 -0.01712194 -0.04380703 -0.04840778 -0.04819676 -0.005358876
0.01743718 0.02034336 -0.02896719 -0.01947124 0.01290419 -0.02650133 -0.05498567
0.001387094 0.01985612 0.0141965 -0.01343316 -0.0006828458 0.03027328 0.03615886
0.07687253 0.08792199 -0.02493744 0.008593895 0.03512599 0.04785697 0.005640578
-0.04499971 -0.03844097 0.009445903 -0.01968342 0.003750245 -0.05155488 -0.05195243
0.01064759 0.0003430987 -0.03662436 -0.009677764 0.01055008 0.06188935 0.06089263
0.02769285 -0.004480482 -0.08542737 -0.0007080342 0.02646511 0.04662097 0.005892454
0.004459929 0.01740992 0.03536269 0.002056621 0.02382068 -0.02820584 -0.04900213
0.06842334 0.06747569 0.02737764 0.09091433 0.0485623 0.01051098 -0.06980988
0.03863478 0.05132848 0.02025106 -9.362947e-05 -0.01218098 0.02318688 0.05035326
-0.03739748 -0.01751271 0.05667101 0.02255049 0.0305809 0.004568893 -0.03762889
-0.1113223 -0.09937318 0.04597183 -0.0799181 -0.04248356 -0.03557688 -0.006439956
0.04829812 0.04310933 -0.03512919 0.007844487 0.02404542 -0.0457591 -0.08391774
-0.1015813 -0.1223669 -0.008828937 -0.03361408 0.03023855 -0.04135977 -0.06604516
-0.001340953 0.005642958 0.03070191 -0.01256225 0.01174181 0.05111789 0.07252035
0.006339275 0.00527889 0.005388164 -0.006642703 -0.004415806 0.01848191 0.02450257
-0.04095137 -0.01970653 0.04393859 0.0008576369 -0.01592261 -0.01538022 0.01866591
0.05077454 0.05241327 0.0270911 0.04776115 -0.03741734 -0.02121376 0.0192334
0.02985387 0.02656333 -0.0187587 -0.004837481 0.005288444 -0.04004896 -0.04182238
0.02827004 0.04073206 -0.002896086 -0.002881509 -0.03378114 0.02676256 0.0552281
-0.07544343 -0.09461404 -0.01930577 -0.040123 0.02784111 -0.02089283 -0.06302939
-0.005355386 -0.005396994 -0.01518226 0.01838817 0.02740506 0.005695106 -0.03361103
0.01141153 0.02453059 0.02227753 -0.0255346 -0.0001424597 -0.0580475 -0.04396526
0.01733116 0.02159633 -0.02671548 -0.01969703 0.03198261 0.01088718 -0.04292586
-0.02302541 -0.01990347 0.04882011 -0.006149242 -0.01446181 0.02603011 0.06375066
0.06321696 0.05508847 -0.02671611 0.02239958 -0.01069266 -0.03734162 -0.04128922
0.04863395 0.05834329 0.02065792 0.04740406 -0.02061445 0.06249766 0.1096852
0.01612734 0.02542737 -0.02812981 -0.03092026 -0.03090556 -0.009506958 0.03772103
0.04889875 0.03062355 -0.01984807 -0.001887152 0.03983409 0.00936774 -0.03269997
0.01941249 0.03608831 0.05152073 0.03689494 0.01205871 -0.003757573 -0.01755737
-0.00410806 -0.01396951 0.005321219 0.00645714 0.001114106 -0.04547344 -0.02147802
0.07338747 0.0795485 -0.01872617 0.03379828 0.009827246 -0.008531723 -0.03041125
-0.006109716 -0.01243504 -0.02634946 -0.05069696 -0.03096332 -0.07911877 -0.1132257
-0.01031923 -0.02113375 -0.04130719 -0.01212062 -0.01716561 -0.03422171 -0.0188258
-0.01905333 -0.02133187 -0.01236427 0.04754043 0.02756516 0.03856468 0.01835443
0.03781957 0.04987687 0.0147256 0.007249581 0.03608789 0.02974526 -0.0005177821
-0.01384836 -0.006510632 0.01597669 0.04095112 -0.003447932 0.01442282 0.04938095
-0.06554013 -0.04070187 0.04574635 0.02938171 0.05958899 0.04734312 0.01610152
-0.003616025 -0.00318558 -0.000593455 0.01648121 0.0305247 -0.06030402 -0.1131681
-0.02192209 -0.02326905 -0.04629982 -0.0612246 -0.002993593 -0.07271829 -0.06554922
0.03597973 0.06179479 0.02703094 0.08333821 0.006533895 0.00764515 -0.009790015
-0.001576491 -0.004173942 -0.006400459 0.00226131 0.03615237 -0.02328072 -0.09159259
-0.001088072 -0.007566717 -0.0006570209 0.01457814 0.01647385 0.006638285 -0.0152219
0.01604403 0.02236255 0.009122404 0.03242897 0.01822645 -0.01718257 -0.06903538
-0.03274026 -0.05076495 -0.05192749 -0.07416675 -0.02816809 -0.03264537 -0.00391876
0.05801445 0.06063757 0.04361502 0.0696394 -0.001287651 0.01920962 0.007826308
0.02923994 0.0367827 0.05141866 0.08700893 0.0181929 0.06589871 0.06630736
-0.01948376 0.001645264 0.07820984 -0.02347549 -0.01682257 0.00453987 0.04147885
-0.04439156 -0.0602773 -0.07814419 0.02297978 0.0162826 -0.003771959 -0.01260864
-0.07449205 -0.06497023 0.01677662 -0.008225069 0.03076412 0.05675904 0.02642285
0.02585787 0.03098798 0.01468765 0.009905898 -0.004130554 0.04934379 0.06980487
-0.02816966 -0.006813532 0.08488257 0.002108107 -0.009990736 -0.03645927 -0.03963035
0.0749423 0.09823074 0.0758593 0.03282875 0.02905259 0.05915972 0.06575785
0.03918363 0.04984445 0.01214525 0.08553329 0.04919603 0.02685456 -0.017774
0.06249018 0.03169067 -0.09796783 -0.02467284 -0.007568444 -0.01270749 -0.01535125
0.01622808 0.02445073 0.05410007 0.004616361 -0.0362662 -0.02933804 -0.007715607
0.03336445 0.03227052 -0.03104446 -0.002526336 -0.006534782 0.01915256 0.01721209
-0.0711472 -0.09176684 -0.04388572 -0.05317806 -0.01729382 -0.04817843 -0.02812833
0.05472324 0.05243062 -0.02424763 0.03971512 -0.01628721 0.008997506 0.0206713
0.04770739 0.03282459 -0.03639273 -0.07036687 -0.01580446 -0.03927232 -0.04953016
0.05505716 0.0533097 -0.0174136 -0.006596925 -0.02321085 -0.007994915 0.0225312
0.03161839 0.02747836 -0.0306857 0.04737733 -0.003405689 0.00564677 -0.002462144
0.007216322 -0.002882139 -0.02681074 -0.06202666 -0.05665674 0.03163218 0.1141341
0.00442492 0.007423015 -0.02708032 -0.0491264 -0.02534106 0.05138404 0.08317393
0.05897208 0.07021047 0.02786359 0.04086448 0.01182267 0.0129501 0.02846246
-0.008091982 -0.007092254 0.00154684 -0.05159919 -0.002920439 -0.03374726 -0.03598478
0.09121795 0.08326399 -0.002900095 0.009363634 -0.002375109 0.02654394 0.009960492
-0.01019704 -0.03386478 -0.02522478 -0.03231539 -0.0250581 -0.01907714 0.008261771
0.008045539 0.007979015 -0.000760518 0.02229142 -0.01282035 -0.01911122 -0.01297573
0.005609828 0.009804538 -0.0009360867 -0.00898093 -0.002365571 0.02358955 0.05478979
0.05786266 0.04317963 -0.04021197 -0.02479036 -0.00388315 0.05260992 0.08474262
0.03865795 0.0335254 -0.02635157 -0.005964937 0.01174447 0.009309156 -0.0225522
0.03556472 0.03821165 -0.03606783 -0.0214256 0.05133589 0.04637455 0.03048592
-0.006597662 -0.007780014 -0.02495511 -0.02308076 -0.01382331 -0.03106515 -0.01965574
-0.0551793 -0.05911849 0.005739683 -0.06663606 -0.0157328 -0.04655348 -0.03108111
0.02514696 0.02607114 -0.004541785 -0.0237048 -0.03017971 0.02265126 0.07234849
0.05261448 0.0420826 -0.07338769 -0.05224129 -0.0696389 -0.03286011 0.01202052
0.03730464 0.03386105 -0.0212807 -0.04182071 0.06624404 0.008001797 -0.05832473
-0.008549189 -0.02075421 -0.05517992 -0.03588425 0.005722332 0.04381147 0.04942108
0.04076246 0.02039154 -0.1091276 -0.02633823 0.01588947 -0.02485764 -0.03266248
0.004468392 -0.006637182 -0.02105995 0.007786094 0.001117765 0.0216303 0.01711146
-0.01144399 -0.004869942 0.02783469 0.03517504 -0.03851542 0.02663137 0.06498855
0.0513114 0.02577167 -0.06527504 -0.04631973 0.003675352 0.01841298 0.0003135979
-0.01093252 -0.02468169 -0.04129439 0.03100094 -0.01514222 -0.01133632 0.02888103
-0.05293331 -0.04385019 0.03468203 -0.07826388 -0.009309792 -0.03803313 -0.0230879
0.04941442 0.06743725 0.04424547 -0.03100523 0.02974636 -0.02486346 -0.06067478
-0.02003924 -0.01723112 0.03847969 0.01388196 0.01605739 -0.02583798 -0.02941688
0.03819008 0.03535441 0.01100328 -0.03501415 0.003605778 -0.03706436 -0.04120423
0.009781083 0.00540543 0.01671575 0.06305784 -0.001475007 0.01165379 -0.002318742
0.09930206 0.1093087 -0.006951018 0.0100256 0.0004191874 0.005656249 -0.002977507
-0.02185409 -0.01786364 0.02367406 0.01220076 -0.02845452 0.01142612 0.02942619
-0.02652858 -0.03346511 -0.06887647 0.0588133 -0.0004070169 -0.01544069 -0.02471687
-0.06944837 -0.05662539 0.03378932 -0.03330246 0.001365181 -0.008036663 -0.03567561
0.03946435 0.03253548 0.007320554 0.002654903 -0.008372271 0.03831074 0.03822041
-0.02316106 -0.01991655 0.007800002 0.0434398 0.04005551 -0.04145828 -0.09651932
0.08237617 0.09255718 -0.02239323 0.03192025 -0.0117959 -0.008112608 -0.01525555
-0.02345734 -0.03859037 0.002792667 -0.02301765 -0.03567497 -0.02413927 0.004152489
0.02279961 0.012779 -0.0292078 -0.03063333 0.01373528 -0.03991007 -0.07393124
-0.007118646 -0.001541765 0.02061919 -0.01482531 0.01684428 -0.05944448 -0.07466078
-0.002259436 -0.003411329 0.002633539 0.00187118 -0.01358155 -0.03067997 -0.03741473
0.1076101 0.1087566 0.03098594 0.08965453 0.04616592 0.06085335 0.02516527
0.005892627 0.004169231 -0.0076161 0.001150995 0.02175814 -0.05175189 -0.1080172
0.006239057 0.004919554 0.04765068 -0.006992892 -0.01991469 -0.003171357 0.02807339
-0.01682021 -0.01391942 -0.02899397 -0.02635406 -0.02346152 -0.02501525 0.009616575
0.03721337 0.0426954 0.02924934 0.04845876 0.01067777 0.05222878 0.04727496
0.03460149 0.05118097 0.01785028 -0.03374828 -0.03729524 -0.01812451 -0.01830116
0.02312807 0.01200715 0.008654303 0.0271128 -0.07403914 -0.02223726 0.02351821
0.02455272 0.02268287 0.004363859 0.01098215 0.0153193 0.0012123 0.006699664
-0.04412521 -0.03644346 0.08391175 0.01119235 -0.01808236 0.01945253 0.05107219
-0.03309685 -0.03235447 -0.01722963 -0.03002311 -0.02735727 -0.0021498 0.03280313
0.001710389 -0.001457372 -0.06539332 0.001389838 -0.02167754 0.005183687 0.005574005
-0.04562953 -0.02878236 0.06087606 -0.009762977 -0.009566729 -0.01405552 -0.01344136
0.01702987 0.008660469 -0.04244985 0.001719717 0.05063501 -0.007750984 -0.06791862
0.06037951 0.03830868 -0.07958233 0.01556255 -0.01767024 0.02150767 0.04942231
0.1170163 0.1211044 -0.04039487 -0.00573119 0.005468899 0.06363218 0.08146661
0.02825051 0.01389036 -0.06664361 0.01780503 -0.0024554 -0.05510412 -0.08290212
-0.04394879 -0.05140395 -0.0180427 -0.01446727 0.01800985 -0.02402908 -0.04181958
0.02938076 0.01992673 -0.0185209 0.04208841 -0.04133041 0.004659772 0.0424325
0.06428445 0.04421165 -0.07147309 -0.05406028 0.0001445084 0.02561492 0.03908066
-0.004509555 -0.0134197 -0.01817041 0.02862697 -0.005204072 0.01499795 0.02613422
0.05346377 0.06411818 0.02830737 0.02317518 -0.0001343696 0.07108616 0.08947465
0.05360306 0.05470495 -0.01394639 -0.01340557 0.01606706 -0.07432498 -0.1004584
-0.0005984521 0.0043917 -0.01788724 -0.03666137 -0.01910976 0.009981137 0.05264701
-0.03222424 -0.0264077 0.01396927 0.01882748 0.009999665 -0.01733619 -0.0486205
0.06070107 0.0766538 0.05660232 0.007858672 -0.02767332 0.01398434 0.02878613
0.007552712 -0.02411156 -0.07252656 0.02425271 -0.003724162 -0.01590028 -0.0198206
0.08813062 0.08203302 -0.06481612 -0.0812946 -0.01886537 -0.01988685 0.01785578
0.01278285 0.008718403 -0.02059215 0.03617604 -0.01738695 -0.00789386 0.03324978
-0.114783 -0.1041055 0.07156378 -0.03236733 -0.03069861 -0.04997346 -0.03360848
-0.02653332 -0.02150289 0.02133923 0.007057472 -0.04984189 -0.003714239 0.02663989
0.0165423 0.05424266 0.0958945 0.004160783 0.007063647 0.03028081 0.03802737
-0.02815994 -0.02515703 0.04893381 0.0101532 0.04221615 0.06094596 0.01582779
0.02210764 0.01079184 -0.066869 0.03062779 0.01744358 -0.05987645 -0.09653588
-0.02282617 -0.00260255 0.05023051 0.006436591 0.02994879 -0.02863186 -0.0414525
-0.05120157 -0.03639737 0.04575278 0.06486705 0.003921301 0.02564086 0.004853792
-0.1135113 -0.1061695 0.05751542 -0.0536174 -0.001993097 -0.0198057 -0.01500489
0.04688188 0.04453296 -0.02200856 0.02403769 0.05194007 -0.01953462 -0.08615173
-0.0005570048 -0.01354967 -0.09218947 -0.07678648 -0.04862401 -0.1037065 -0.05565225
0.0100718 0.01109323 -0.02826142 0.07104227 0.0234016 0.02009714 -0.02428411
0.04536064 0.05556063 0.01547459 0.03642696 -0.04900776 -0.03207761 -0.0222649
0.01608066 0.02858946 0.00746326 -0.01327057 -0.001915562 -0.01093119 -0.02967825
0.003110319 0.01223509 0.03219984 -0.025259 -0.02226066 -0.04170657 -0.0248453
-0.01518362 -0.02885222 -0.008794055 0.003927779 -0.03945241 -0.04844834 -0.004094004
-0.03947734 -0.04560409 0.01037188 0.002397173 -0.0103154 0.01504822 0.01832578
-0.04594463 -0.04733959 0.02130166 -0.04715974 -0.04137507 -0.06167308 -0.04370269
-0.04125342 -0.03160555 0.02644903 -0.05233875 -0.01447639 -0.005169534 -0.01690691
-0.07617773 -0.08264986 -0.01179019 0.001502088 -0.002242956 -0.01913816 -0.04948066
0.001023917 0.01306638 0.02226026 -0.05694557 -0.009448209 -0.01905108 0.004037994
0.05163189 0.04249983 -0.07074509 0.009396679 0.02155965 0.08096805 0.08029126
-0.02849851 -0.03695576 -0.04352118 -0.05605246 -0.0121303 -0.07920029 -0.1051351
0.001871523 -0.001763541 -0.02312945 0.07589521 0.03324057 0.01968768 -0.006280543
-0.03165254 -0.03461209 -0.04389698 -0.03832529 0.009776068 0.03508089 0.03474958
0.01306598 0.02865791 0.0163333 0.003195326 -0.02780236 -0.02994602 0.009782376
0.04038442 0.03269256 -0.009981823 0.007808545 -0.03572028 -0.01864521 -0.002264014
0.02109584 0.02096633 0.01860902 -0.0162997 0.0001495477 0.03180329 0.03967095
-0.03775081 -0.01790069 0.007830324 0.04753305 0.0475851 0.0315315 0.002865862
-0.0236875 -0.04244626 0.0003827162 -0.02528443 0.031215 -0.05760386 -0.0770475
0.02504083 0.02319999 0.002625769 0.03371062 0.01943197 0.02612443 0.01279774
-0.05060773 -0.0525656 -0.02286746 -0.01046558 -0.02315136 -0.02848444 -0.007489046
-0.01012764 -0.01740949 -0.04321573 -0.0189719 0.008182414 0.0223495 0.006323933
0.02993652 0.02276463 0.001492304 0.01396075 -0.02023896 0.02362487 0.02741743
0.01775242 0.01743734 -0.04410685 -0.02477099 -0.03625261 0.002039331 0.05222877
0.007611051 -0.008968167 -0.06420687 0.03506746 0.03149487 -0.03710941 -0.05732201
0.01748575 0.02785343 -0.01246853 0.05708409 0.05418701 0.02429337 -0.01196475
-0.002637168 -0.008227896 0.004545384 0.009923778 -0.01567321 0.03407481 0.0657467
0.03344311 0.01719544 -0.03450031 -0.06288057 -0.02362139 -0.0148615 0.01515786
-0.07004516 -0.07281752 0.03355738 0.03320414 0.0145223 0.002768428 -0.01943246
-0.025545 -0.04997617 -0.03007082 -0.07702844 -0.01801278 -0.03789438 -0.0160668
0.01647508 0.02717376 0.02264668 -0.01034067 -0.04510173 0.02141936 0.04958692
-0.03133748 -0.03929792 -0.003002841 0.06216055 -0.01105264 0.0128172 0.01115069
0.04525621 0.04322311 0.02174204 0.0498334 0.06542431 0.05368216 -0.01721582
0.0328724 0.04064176 0.02332852 -0.006417601 -0.02154703 -0.007437779 0.03494871
0.02270545 0.02962919 0.01092735 0.04131755 -0.01991739 -0.0271132 -0.005559855
0.07429392 0.07103881 -7.103229e-05 0.04431573 0.01370398 0.01216888 -0.01373316
-0.002028336 0.00975403 0.04011199 0.02190571 -0.006849489 0.01801354 0.006465341
-0.03137266 -0.0409767 0.01953034 0.03680917 -0.004467202 0.0405911 0.04424434
0.03256207 0.03741566 -0.004365596 0.028912 0.005406798 0.06490714 0.07990432
0.02531345 0.02631417 0.01959827 0.03421896 0.05396037 -0.01960473 -0.07895302
-0.06203783 -0.06214214 -0.01477333 -0.05775928 0.01123709 -0.06152847 -0.1045434
-0.0003519758 -0.000845719 -0.01508024 -0.09508802 -0.02069192 -0.0262497 0.009177297
0.06876607 0.07663893 0.03282918 0.07180082 0.005826387 0.01941948 0.045098
0.0004958566 -0.01181951 -0.03608932 -0.03891643 -0.03489131 -0.02550464 -0.002996228
-0.1402803 -0.1264132 0.08637806 -0.02116039 -0.05166462 -0.05666275 -0.006137631
-0.08303534 -0.07690925 0.05548556 -0.06275171 0.01339745 0.001316284 -0.01498244
-0.01385532 -0.03165001 -0.09187785 -0.0310622 -0.009309148 -0.02601998 -0.01869108
-0.0200905 -0.009100037 0.07090424 -0.003417821 -0.02651663 0.04674331 0.09511085
-0.003818111 -0.008357067 -0.03111512 -0.04510481 -0.0177144 -0.01518684 0.0129701
0.03570471 0.04554596 0.01781904 0.01348355 -0.008061283 0.0018815 0.01177612
-0.03978691 -0.04203953 -0.05240639 -0.007311091 -0.03441294 -0.03571662 0.01959639
-0.03572784 -0.03549178 -0.002909669 0.1024131 0.01778658 0.06803634 0.05615355
0.01577575 0.01080922 0.02176942 0.02748376 0.02795449 -0.00392529 -0.05597233
0.003976177 -0.0006727563 0.02065556 -0.02125403 -0.005880461 0.004404071 0.002105498
0.00886249 0.02274287 0.02173335 -0.009966455 -0.02949354 0.03509568 0.08559635
0.06912225 0.07286261 -0.02157826 0.04908559 0.03887095 0.02758114 -0.01882062
0.05729646 0.06007261 0.01896667 0.04708511 -0.0148532 0.08610188 0.09808387
-0.02190148 -0.04889668 -0.05026469 -0.01329288 0.003560333 -0.02827428 -0.03049538
-0.03370228 -0.03430097 0.01463666 0.01894103 0.006219359 -0.02527991 -0.0534202
-0.04117056 -0.02958002 0.01873785 0.04945082 -0.02587598 0.06399446 0.118682
-0.1022782 -0.0916528 0.03627608 0.01306216 -0.01082418 0.02730339 0.06068436
0.03416096 0.02771589 -0.04789304 0.01253529 0.03439231 0.002489475 -0.02865766
0.001571017 -0.003865655 -0.03126388 0.03619094 0.02001123 0.01076758 -0.01001042
0.01725605 0.01418759 -0.02488555 0.03031207 0.0133469 -0.005428782 -0.01186978
-0.01048596 0.005965878 0.0499541 0.02428906 -0.02077725 -0.002869732 0.04150747
-0.04811926 -0.03136448 0.07186582 0.04123777 0.002169233 0.04743698 0.05228635
0.004663414 0.01285983 -0.007668803 -0.01080395 0.04615905 -0.03346881 -0.08103303
0.07391478 0.06835898 -0.0552255 -0.01648714 -0.02722814 0.009670235 0.05307647
0.04658708 0.05277876 0.04166865 0.02668242 0.01757782 0.05233916 0.04207348
-0.03026008 -0.04322624 -0.03216127 -0.07967752 -0.01824271 -0.05928605 -0.04291471
0.06508679 0.04159713 -0.1034676 -0.02341549 -0.03449771 -0.04687135 -0.03757147
-0.00926086 -0.01877013 0.01146632 -0.008196328 -0.01152397 -0.0006175114 0.03186531
0.02851122 0.02891665 0.03156651 -0.004013044 -0.03859625 -0.01978498 0.003975194
-0.1058161 -0.1064973 0.001770687 -0.01304069 -0.04987498 -0.003649496 0.07178455
-0.02887096 -0.02513106 0.02553028 0.01166763 0.03223026 0.01094701 -0.0159587
0.006708968 0.01461723 0.04972531 0.05407352 0.01249302 0.007605108 -0.01426465
-0.06316153 -0.05950222 0.007518735 -0.02254408 0.001494733 0.01115962 0.02352203
-0.01726453 -0.01834895 -0.01559136 -0.02433331 0.01717802 -0.002036275 -0.04004696
0.05450124 0.06144571 -0.006109644 0.03811581 -0.0006146069 0.04232582 0.0743655
-0.05074171 -0.04782024 0.03752771 0.04653353 0.001466503 0.01720921 0.01505181
0.02872162 0.03762071 0.0456038 -0.03912411 -0.007505414 -0.03544181 -0.04572242
0.06066675 0.06293148 -0.00441963 0.03452579 -0.04795339 0.009623201 0.06605499
-0.08971528 -0.09228218 -0.06184997 -0.1322914 -0.03661387 -0.01394681 0.0251978
-0.03549823 -0.02180435 0.0933633 0.0007447582 -0.02622814 0.0229805 0.06047772
-0.03899193 -0.04047357 0.001961672 -0.04150852 -0.0008845283 0.01085115 -0.001478196
0.002268793 0.008706113 0.00544569 -0.004768979 0.02612132 0.02518962 0.01578196
0.07722961 0.07196866 -0.01741878 0.01013148 0.06078463 -0.03946618 -0.1140236
-0.04831015 -0.04671672 -0.0136422 0.03014841 0.01678468 -0.006485676 -0.0587061
0.03865087 0.03709759 -0.005592057 0.01075512 -0.02377425 -0.05166695 -0.0256626
0.1326156 0.1269814 -0.09851588 -0.008000414 0.00753287 -0.04764658 -0.05997976
-0.0137723 -0.02023401 0.0008523439 -0.01068545 -0.005726282 0.02083866 0.02676083
-0.05207335 -0.06479149 -0.0389737 0.04167742 0.007587009 0.02808986 0.05516849
-0.03917713 -0.02649822 0.04262326 0.0303449 0.03712265 0.04438557 0.01924428
-0.07290297 -0.06609574 0.0298381 0.0151958 0.002756045 0.01807106 0.03662333
0.006599275 0.01785594 -0.01043125 -0.01394679 0.01000972 -0.02610707 -0.0719861
0.04851438 0.03856196 -0.01369091 0.07778633 0.02025436 0.02309911 -0.00171283
-0.03315263 -0.02391562 0.01844251 0.00295856 0.01654942 0.01358385 -0.004096333
0.01270234 0.01248869 0.0002188088 -0.04327551 -0.001640868 0.06494111 0.1055123
-0.04346131 -0.03602578 0.01419559 -0.04342052 -0.006367215 -0.0009160599 0.03437194
0.04262194 0.04014663 -0.0431063 -0.01623567 -0.01958796 0.03869193 0.0774687
-0.005610886 0.002087121 0.01156525 -0.01228357 -0.04263073 -0.02840508 0.02312024
-0.04916777 -0.03102256 0.04937613 -0.03959903 0.03076578 0.01221879 -0.03224418
-0.01734684 -0.0303025 -0.02222753 -0.04462592 -0.05043258 -0.05094873 -0.005545203
0.01697532 0.01985195 -0.0255701 -0.01746405 0.0164696 -0.02137078 -0.05423205
0.003200747 0.02029615 0.01027026 -0.01520668 -0.002575638 0.0304604 0.03861381
0.07673328 0.08866992 -0.02337986 0.008215294 0.02592666 0.04379458 0.01190499
-0.04359271 -0.03791206 0.002603806 -0.02005903 0.00120473 -0.05497919 -0.05254323
0.01251101 0.001437706 -0.03557214 -0.01220521 0.01500834 0.06526259 0.06107296
0.03235243 0.0001141395 -0.08471786 -0.008455942 0.03023765 0.04752551 0.005778343
0.004154536 0.01808065 0.03757199 0.005705108 0.02320011 -0.03080755 -0.05003304
0.06512721 0.06384399 0.02817465 0.09657755 0.04444501 0.006825556 -0.07082642
0.04305076 0.05681735 0.0146152 7.816303e-05 -0.003484495 0.02393087 0.0428857
-0.03755018 -0.01768584 0.0583487 0.02340201 0.0325166 0.004273453 -0.03783741
-0.1116604 -0.1010896 0.04188062 -0.08030513 -0.04648265 -0.03670218 -0.004312842
0.04582501 0.04211034 -0.03145997 0.01001382 0.02797339 -0.04264477 -0.08422178
-0.1039371 -0.1251139 -0.008112258 -0.03595964 0.0296562 -0.03855208 -0.06122422
0.0007383882 0.006971422 0.02833873 -0.01344119 0.0189637 0.05729098 0.07062437
0.003968244 0.003072622 0.002080978 -0.01111372 -0.001217089 0.02425699 0.02742415
-0.04285849 -0.02223081 0.04081298 -0.003005671 -0.01072818 -0.01413692 0.01597535
0.04766924 0.05081413 0.0294408 0.04624152 -0.03488887 -0.02101642 0.01817862
0.03145453 0.02822347 -0.01961297 -0.006219607 0.003331901 -0.04172311 -0.0422812
0.02608557 0.03807114 -0.00500786 -0.00906063 -0.03076408 0.02757014 0.05043143
-0.07619494 -0.09366389 -0.01835923 -0.03890586 0.02651464 -0.02645237 -0.06641596
-0.005845524 -0.004957393 -0.01275009 0.02022237 0.02498322 0.00075569 -0.03540005
0.01200511 0.02443428 0.02004365 -0.02949755 0.000833813 -0.05758619 -0.04442457
0.02064953 0.02357117 -0.03129592 -0.02036415 0.03249665 0.007507488 -0.0465676
-0.02244855 -0.01966182 0.04631045 -0.01080377 -0.0145534 0.02704465 0.06545706
0.06532163 0.05562586 -0.02894674 0.02240645 -0.006018739 -0.03308189 -0.0406106
0.04835283 0.0576577 0.02024025 0.04542699 -0.02129807 0.06109859 0.1092702
0.01442607 0.02409021 -0.0264149 -0.02916488 -0.03074965 -0.01029223 0.03551782
0.0495839 0.03132825 -0.01789649 -0.0005751381 0.04224275 0.01313562 -0.03073742
0.01798849 0.03547815 0.05480823 0.03710057 0.006430711 -0.01109948 -0.01633438
-0.004996764 -0.01529374 0.004321388 0.0038014 0.00170116 -0.04610192 -0.02391635
0.07161538 0.08101637 -0.007087018 0.04452767 0.007380749 -0.008813691 -0.02766553
-0.005508177 -0.0118934 -0.02671482 -0.05105981 -0.02520472 -0.07568262 -0.115792
-0.01210072 -0.02190657 -0.03843287 -0.009076995 -0.02056977 -0.03616991 -0.01753171
-0.01891348 -0.02096368 -0.01101691 0.04723585 0.02577682 0.0346273 0.01751061
0.03935111 0.0507393 0.01142547 0.004283775 0.03604388 0.02826315 -0.001291696
-0.0159802 -0.0100659 0.0164969 0.04208771 0.001496308 0.01853194 0.04709422
-0.06399612 -0.03930921 0.04327237 0.02551682 0.05904135 0.04694523 0.01631516
-0.002573758 -0.001664012 0.00195958 0.0165843 0.02681182 -0.06266655 -0.1116992
-0.01820003 -0.01948748 -0.04754763 -0.05676643 -0.007117594 -0.07896298 -0.06661081
0.0349719 0.06078602 0.02823276 0.08187961 0.01130682 0.01220243 -0.01188602
-0.005590352 -0.008437126 -0.004796894 0.00151971 0.03372251 -0.02305338 -0.08883113
0.00113829 -0.004801419 -0.0003050332 0.01590877 0.01044868 0.001553553 -0.01441415
0.01720382 0.0233432 0.005559782 0.02824598 0.01783442 -0.02044597 -0.07231206
-0.03539553 -0.05463458 -0.05416912 -0.07807443 -0.03251094 -0.03347178 -0.001337423
0.0585064 0.06148189 0.04681594 0.07933513 -0.006151442 0.01449647 0.006280368
0.02573465 0.03404403 0.05395934 0.09458566 0.0139219 0.06461221 0.06920504
-0.01994374 0.001058103 0.077392 -0.02604655 -0.02374071 -6.043103e-05 0.04312071
-0.0451208 -0.06059972 -0.07649807 0.02316661 0.02068682 0.003362094 -0.007184166
-0.07779499 -0.06974233 0.01384105 -0.01359844 0.02326777 0.05294439 0.03177298
0.02285967 0.02802524 0.01259943 0.0053816 0.002923755 0.05527969 0.07080454
-0.0250758 -0.005371449 0.07996267 -0.004879446 -0.01625862 -0.04183711 -0.03981124
0.07630821 0.09862905 0.07068564 0.02844538 0.02742217 0.0581761 0.06499589
0.03730588 0.0498527 0.01144296 0.08345595 0.0535448 0.02899317 -0.01852252
0.06213002 0.03064785 -0.1014077 -0.02982653 -0.008420851 -0.01561933 -0.0186332
0.01748049 0.02617737 0.05226463 0.004189878 -0.03794069 -0.03390353 -0.009499461
0.03296078 0.03064764 -0.031905 -0.004771194 -0.009381488 0.01154371 0.0107255
-0.07116178 -0.09240873 -0.04188405 -0.05070947 -0.01858432 -0.0487171 -0.02854157
0.05716437 0.05565695 -0.02073733 0.04408037 -0.01656443 0.009019623 0.02247065
0.04692869 0.03338529 -0.03560533 -0.0728372 -0.004559571 -0.03159677 -0.05010634
0.05717603 0.05439754 -0.01902307 -0.008326735 -0.0223579 -0.006512948 0.02382441
0.03255071 0.02717661 -0.02905476 0.04924314 -0.002337238 0.003281488 -0.007234742
0.006232395 -0.00322916 -0.02661003 -0.06666131 -0.06174985 0.02929366 0.117354
0.004487055 0.006587349 -0.02377456 -0.04710659 -0.02985039 0.0490375 0.08731566
0.06117672 0.07155511 0.02624378 0.0415034 0.009071237 0.01021919 0.02864379
-0.005534584 -0.005141264 0.0001596782 -0.0508423 0.003567081 -0.02770858 -0.03543943
0.08606072 0.07873446 -0.0001058819 0.0137725 -0.007331009 0.02391246 0.01096337
-0.006336328 -0.03244277 -0.03264096 -0.0388825 -0.02257904 -0.01983655 0.006323333
0.01117556 0.01233407 0.001517895 0.0295566 -0.01182939 -0.0182336 -0.01448668
0.008083619 0.01215603 -0.002025414 -0.007678764 -0.002692165 0.02613887 0.05666749
0.05850611 0.0447225 -0.03876108 -0.02189818 -0.00651135 0.04672418 0.08186793
0.04051106 0.0358393 -0.0266642 -0.004546539 0.01156341 0.008225934 -0.02273117
0.03642539 0.03783603 -0.03474092 -0.02017067 0.05115426 0.05099481 0.03695252
-0.005812818 -0.006603423 -0.02320666 -0.02316542 -0.01139628 -0.03068925 -0.02226184
-0.05514815 -0.05961934 0.005618932 -0.06928055 -0.01790348 -0.04762058 -0.0306929
0.02252248 0.02298517 -0.003697918 -0.03424913 -0.03360759 0.02186902 0.07625153
0.0535535 0.04257535 -0.07147252 -0.05196548 -0.06876474 -0.03084386 0.01263289
0.03866358 0.03569996 -0.02033185 -0.03853819 0.06402859 0.007985615 -0.05841963
-0.006529037 -0.01982304 -0.05372716 -0.03484622 0.00599916 0.04498577 0.05195517
0.03814641 0.01777773 -0.1117294 -0.03368703 0.01435619 -0.02535522 -0.03071849
0.007749487 -0.002040126 -0.01849714 0.01217416 -0.003224693 0.01994557 0.01993834
-0.01054248 -0.004831527 0.03043297 0.03967155 -0.03975991 0.02602742 0.0672293
0.04694275 0.02122567 -0.0678516 -0.05058213 0.002242191 0.01689103 0.002226453
-0.01011201 -0.02441884 -0.0432441 0.02717979 -0.01614399 -0.01665038 0.02217818
-0.05352466 -0.04304202 0.03641645 -0.07907334 -0.01081916 -0.03761302 -0.02345943
0.0475084 0.06593067 0.04505755 -0.03063451 0.02561286 -0.02611807 -0.05872547
-0.02153544 -0.01930104 0.03623054 0.008567462 0.01736434 -0.02388937 -0.02846026
0.03758226 0.03522419 0.01035447 -0.03306984 -0.002592364 -0.04033629 -0.03862882
0.006598863 0.003774152 0.02013413 0.06536242 -0.001326749 0.01058772 -0.003503655
0.09852467 0.1080854 -0.006748222 0.006952541 0.005682976 0.0123968 -0.0009880017
-0.02082462 -0.01835154 0.02273809 0.01036711 -0.02541334 0.01107113 0.0279458
-0.02459381 -0.03264291 -0.07045889 0.05550856 -0.001536649 -0.01687047 -0.02424897
-0.06785677 -0.0553338 0.03589234 -0.02693846 0.004060946 -0.007116005 -0.03988896
0.04022434 0.03372299 0.004871986 0.001550643 -0.007424741 0.03999664 0.03724701
-0.02337405 -0.02110328 0.00651273 0.04374807 0.03483673 -0.04604548 -0.09796783
0.08127284 0.09135605 -0.0217891 0.03050212 -0.01690818 -0.01487821 -0.01759517
-0.02347761 -0.03887328 0.001478588 -0.03019826 -0.03655873 -0.023034 0.008461185
0.02561095 0.01488979 -0.03006557 -0.02585115 0.01435456 -0.04092505 -0.07491384
-0.008252352 -0.001464697 0.02238944 -0.01485523 0.01555747 -0.05887622 -0.07235657
-0.003862624 -0.004485262 0.002915696 0.0008450878 -0.01277956 -0.02884488 -0.03750808
0.1053988 0.1053821 0.03145266 0.08254174 0.04902908 0.06690402 0.02860443
0.007768319 0.005473284 -0.01387121 -0.002438654 0.02476083 -0.04985301 -0.1093248
0.003187762 0.00344752 0.05656391 -0.004581341 -0.02162574 -0.0008083996 0.03025855
-0.01541739 -0.01313433 -0.02971764 -0.02268329 -0.0236638 -0.02401853 0.008711492
0.03640494 0.04172229 0.03191014 0.04708616 0.01131245 0.05002564 0.04584329
0.03395909 0.05029247 0.0188414 -0.03164933 -0.04268898 -0.02070029 -0.0155818
0.0227314 0.01239873 0.0086108 0.02836835 -0.07910213 -0.02407996 0.02533658
0.02882303 0.02717689 0.00171693 0.01176789 0.01094609 -0.001092226 0.007016455
-0.04306542 -0.03292486 0.09190395 0.01683975 -0.02041411 0.02020898 0.05108174
-0.03224486 -0.03101107 -0.01467324 -0.02206436 -0.02394812 0.0001195938 0.03290891
-0.002289983 -0.004291823 -0.05981739 -0.004812237 -0.02181323 0.005833917 0.006161719
-0.04294333 -0.02602432 0.05847372 -0.01092816 -0.01266352 -0.01808625 -0.01526551
0.01670109 0.008943522 -0.0413853 0.0008990014 0.05241977 -0.004341624 -0.06655466
0.05907008 0.03875123 -0.07926264 0.01562237 -0.01332505 0.02324207 0.04511281
0.1153838 0.1190514 -0.03989193 -0.01178291 0.00274176 0.06016828 0.07833512
0.02609968 0.01157123 -0.06741556 0.02446332 -0.01056524 -0.06057341 -0.07828316
-0.04422353 -0.05065164 -0.01676407 -0.01567436 0.01627283 -0.02631266 -0.0417868
0.02906087 0.02015177 -0.01768809 0.04019004 -0.0397699 0.003724084 0.03977582
0.06571399 0.04529547 -0.07116012 -0.04945837 0.002296665 0.02899746 0.03905102
-0.003597732 -0.01031809 -0.01209639 0.03346365 -0.000664076 0.02006028 0.0260413
0.05222521 0.06262685 0.02967622 0.024168 -0.001169955 0.06773178 0.0878509
0.05417907 0.05497904 -0.01386328 -0.01147979 0.01746246 -0.07075301 -0.09706108
-0.00441152 0.00235297 -0.01526495 -0.03468857 -0.02394343 0.01055636 0.05843925
-0.03389621 -0.02788955 0.01476225 0.01952677 0.004022872 -0.01938669 -0.04511446
0.06009336 0.07740972 0.05606585 0.008185669 -0.02522451 0.0186431 0.03223935
0.004453417 -0.02593559 -0.07189726 0.02347743 -0.005181635 -0.01806063 -0.02169037
0.08935576 0.08155989 -0.06758335 -0.08263672 -0.02035039 -0.02020752 0.01803862
0.01351822 0.01078448 -0.01698337 0.04201756 -0.01815597 -0.009162709 0.030839
-0.1180381 -0.1067068 0.07177779 -0.0344683 -0.03365884 -0.04944737 -0.0305681
-0.02730488 -0.02193136 0.02117347 0.003443485 -0.05096828 -0.004692241 0.02639019
0.01257796 0.04996098 0.09460755 0.00209334 0.001719385 0.02757431 0.03944954
-0.02896303 -0.0261057 0.04783043 0.01153454 0.04075026 0.05647798 0.01202536
0.01720876 0.005912315 -0.06287171 0.02841066 0.02498546 -0.05369916 -0.09689715
-0.0235083 -0.00174432 0.0537277 0.009726286 0.03281507 -0.02797108 -0.04300745
-0.0527 -0.03773892 0.04722672 0.06277986 0.00796717 0.02901419 0.004267971
-0.1127901 -0.105145 0.06095437 -0.05130904 -0.007274913 -0.02312892 -0.01252339
0.04549095 0.04356139 -0.01941075 0.02578557 0.05366918 -0.02193009 -0.09150121
-0.00185909 -0.01495471 -0.08944131 -0.07872728 -0.04382233 -0.1036991 -0.05722014
0.01086764 0.01134713 -0.02906019 0.06862382 0.02570324 0.02325049 -0.0234386
0.04356753 0.05326356 0.01859958 0.03527126 -0.05269115 -0.03331698 -0.02056641
0.0160751 0.02869782 0.008397761 -0.007997547 -0.00911728 -0.01680349 -0.02828615
0.002169278 0.01129399 0.03075284 -0.02286289 -0.03265157 -0.04514662 -0.0168653
-0.01579247 -0.02912471 -0.006682653 0.003462427 -0.03922855 -0.04731464 -0.002851922
-0.04088654 -0.04511854 0.01225869 0.01031251 -0.01766324 0.01056647 0.01988693
-0.04505546 -0.04794854 0.02049482 -0.05006369 -0.03873513 -0.05793665 -0.04184238
-0.03956444 -0.0300587 0.02289252 -0.05418615 -0.01190293 -0.002916531 -0.01659721
-0.07476056 -0.08016852 -0.01164939 0.00483846 0.005086034 -0.01714224 -0.05367979
-0.0001897096 0.01278804 0.02632523 -0.05538574 -0.01202408 -0.02220506 0.002514561
0.05278931 0.04318121 -0.07177194 0.007543245 0.02018146 0.08032449 0.07835003
-0.02916422 -0.03765319 -0.04751557 -0.0613615 -0.00864128 -0.0765581 -0.1043218
0.002242159 -0.0006719164 -0.02328764 0.07496562 0.03275109 0.01940342 -0.004095616
-0.03214404 -0.03306139 -0.04176236 -0.03695178 0.0111913 0.03660655 0.03595445
0.01415088 0.02964092 0.01516621 0.002497295 -0.02661909 -0.02989139 0.009174085
0.04192496 0.034271 -0.01089139 0.01003143 -0.03328554 -0.01752816 -0.002427504
0.02268335 0.02291667 0.01907699 -0.01318786 0.002238447 0.03374471 0.04329896
-0.03727707 -0.01790969 0.008698034 0.04773589 0.05089569 0.03418088 -0.0004264584
-0.021614 -0.04023927 -0.002730423 -0.02504449 0.03116236 -0.05624875 -0.07604189
0.02981413 0.02786445 0.003056964 0.03804908 0.01989572 0.02823257 0.01233859
-0.0492403 -0.05040569 -0.02219798 -0.008323005 -0.02639005 -0.03151211 -0.008474792
-0.009650373 -0.01682271 -0.04332224 -0.01892655 0.007603629 0.02254215 0.004478987
0.02703858 0.02129965 0.002887938 0.01197303 -0.02713794 0.02033652 0.03194859
0.0173353 0.01704627 -0.04120822 -0.02525804 -0.03359598 0.00110196 0.04773665
0.006536467 -0.009354599 -0.06134822 0.03620721 0.02996408 -0.03873318 -0.05571145
0.01634532 0.02769643 -0.007195603 0.06323924 0.05728513 0.03068287 -0.008702874
-0.008219005 -0.01301433 0.008086937 0.008766855 -0.01410855 0.03647566 0.06651981
0.03309931 0.0166213 -0.03459362 -0.06266761 -0.02836728 -0.01694563 0.0165702
-0.07110126 -0.07315474 0.03317982 0.02601349 0.02249265 0.007500546 -0.01935069
-0.02555454 -0.04946033 -0.02728986 -0.07524125 -0.02368837 -0.0421009 -0.0158014
0.01079983 0.02011016 0.02040433 -0.009752828 -0.04553379 0.02018708 0.04776704
-0.03030782 -0.0368081 0.002024764 0.06907578 -0.01285988 0.01010202 0.008025064
0.04444448 0.04222865 0.01997435 0.05050864 0.06214496 0.05455742 -0.01258069
0.03060891 0.03768606 0.02223669 -0.008174847 -0.02016073 -0.005669595 0.03390307
0.02373533 0.02917085 0.008962351 0.04189577 -0.017772 -0.02598799 -0.00864887
0.07565029 0.07190457 -0.005586866 0.04059896 0.01134264 0.009520183 -0.01205009
-0.002718933 0.01007338 0.04431703 0.02561991 -0.004228034 0.0197984 0.004505454
-0.03516773 -0.04347106 0.02376539 0.03855088 -0.006408657 0.03961391 0.04542526
0.0302105 0.03456687 -0.003865428 0.02536789 0.00298367 0.06617758 0.08357349
0.02731107 0.02889062 0.01915245 0.03151773 0.05592406 -0.01535011 -0.07346157
-0.06058772 -0.06064183 -0.01544458 -0.05817188 0.01194869 -0.06056102 -0.1030413
-0.0006203726 -0.002051468 -0.01700977 -0.09549186 -0.02100685 -0.02667973 0.01176251
0.06905934 0.07845634 0.03565523 0.07136695 0.009584801 0.02144067 0.0446777
-0.000167452 -0.01329067 -0.03614587 -0.04260257 -0.0321912 -0.02461189 -0.002960268
-0.1411828 -0.1276637 0.08422899 -0.02346102 -0.05021225 -0.05319317 -0.006321575
-0.08259087 -0.07716035 0.04858907 -0.06256874 0.01106516 -0.000450697 -0.01183383
-0.009704088 -0.02953068 -0.09626866 -0.03608431 -0.005346379 -0.02435774 -0.02136945
-0.02134866 -0.01110223 0.07278803 -0.006742948 -0.02731239 0.04872464 0.09778549
-0.004139963 -0.009041513 -0.03208202 -0.04511545 -0.01718687 -0.01623894 0.01066127
0.03554865 0.04515456 0.01776285 0.01261306 -0.0121076 0.0008426758 0.01384939
-0.03972078 -0.04213263 -0.05074713 -0.004441599 -0.03665062 -0.03330027 0.02540572
-0.03611097 -0.03689333 -0.004840599 0.09986306 0.02097652 0.06907836 0.05538388
0.0141009 0.01057671 0.02313171 0.02818367 0.02743474 -0.004684592 -0.05735414
0.004544448 0.0004846036 0.02067627 -0.01872967 -0.006314411 0.002053813 0.0005165513
0.007113125 0.02073399 0.0247608 -0.008230834 -0.0277486 0.03408331 0.08374455
0.06649285 0.07061009 -0.01897418 0.05122246 0.0364509 0.02705418 -0.01978182
0.05578328 0.05780243 0.01780774 0.04818191 -0.01656941 0.08371127 0.09906718
-0.02066377 -0.04570807 -0.04446557 -0.001630044 0.005054358 -0.02992894 -0.03486303
-0.03208726 -0.03215811 0.01363434 0.02176367 0.007419277 -0.0256901 -0.05436702
-0.03949941 -0.02776885 0.01882451 0.05171302 -0.02218298 0.06394155 0.1155476
-0.1007375 -0.08883365 0.03335514 0.01428963 -0.01420197 0.02340901 0.0597545
0.03306695 0.02546416 -0.05715311 0.006140143 0.03330107 0.002754264 -0.02751784
0.002041751 -0.003390686 -0.03371022 0.03141941 0.02031467 0.01226629 -0.007227435
0.01608442 0.01458487 -0.02107118 0.03265882 0.01308047 -0.006044176 -0.01048249
-0.007724034 0.007852837 0.05171038 0.02332152 -0.02310683 -0.006584352 0.03865977
-0.04580974 -0.03034278 0.06721365 0.04019761 -0.003355948 0.04335195 0.05230449
0.004889451 0.01286104 -0.01123531 -0.01567517 0.05059358 -0.02891967 -0.08095529
0.07552762 0.07060256 -0.05398168 -0.01786037 -0.02254753 0.01489038 0.05558148
0.0474056 0.05366215 0.04316101 0.02563374 0.01815237 0.05099948 0.04116444
-0.03026623 -0.04178264 -0.03055149 -0.080196 -0.01371042 -0.05137048 -0.03990118
0.06531212 0.04131297 -0.1051497 -0.02710223 -0.03113636 -0.04540866 -0.04001332
-0.01091009 -0.02012002 0.01265821 -0.01013303 -0.0147385 -0.005104166 0.03180296
0.0284709 0.02853579 0.02987494 -0.00422434 -0.03295407 -0.01753511 0.0009900384
-0.1078155 -0.1060586 0.003756049 -0.00917254 -0.04999006 0.0001234215 0.07338586
-0.02889004 -0.02500705 0.02776232 0.01052218 0.02999329 0.009187827 -0.0156975
0.0073107 0.01560824 0.05079731 0.05851679 0.01039959 0.003750839 -0.01472055
-0.06294962 -0.0605318 0.003812926 -0.02747844 0.000636488 0.009838122 0.02385091
-0.01819695 -0.01858584 -0.01311144 -0.01916375 0.01298851 -0.003645038 -0.03807787
0.05550344 0.06162543 -0.004787848 0.04006829 -0.002565691 0.04180301 0.07611022
-0.05124537 -0.04834404 0.03719675 0.04411296 0.004804499 0.01971216 0.01329577
0.02834415 0.03652882 0.0456129 -0.03969587 -0.006049293 -0.03538445 -0.04851487
0.05843711 0.05975569 -0.005904142 0.03219675 -0.04992384 0.004738905 0.06563198
-0.08999497 -0.09304998 -0.06221765 -0.131241 -0.04151145 -0.02066747 0.02569578
-0.0338731 -0.0192129 0.09520448 -0.002043701 -0.02280859 0.02612037 0.06211393
-0.0375591 -0.0381835 0.004817017 -0.04108563 0.004711903 0.01147694 -0.006506842
0.003252283 0.009570381 0.004144795 -0.003500368 0.02402864 0.02082649 0.01119022
0.07650558 0.07144409 -0.0168446 0.009697764 0.06092644 -0.03789556 -0.1121037
-0.04783781 -0.04544474 -0.01622934 0.02385055 0.01642425 -0.006704876 -0.05692984
0.03935396 0.03897159 -0.002491168 0.01764974 -0.0239916 -0.04881667 -0.02337525
0.1307688 0.1236501 -0.1021781 -0.01119359 0.002752695 -0.05023977 -0.05859862
-0.0151567 -0.02164826 -0.001148009 -0.01263339 -0.01172257 0.01593962 0.02725034
-0.05117862 -0.06178954 -0.03598732 0.04481036 0.01035534 0.02984991 0.05501555
-0.03776219 -0.02511949 0.03905749 0.02760893 0.04221909 0.04870617 0.01876689
-0.07507295 -0.06853067 0.03197103 0.0144005 0.002860807 0.01651063 0.03581925
0.007048199 0.01747149 -0.01772011 -0.01474782 0.004028805 -0.03109284 -0.07116257
0.04924904 0.0404691 -0.01282074 0.07982346 0.02210603 0.02267534 -0.005629775
-0.03392712 -0.02466966 0.01869779 0.005385709 0.01646926 0.01418013 -0.004302325
0.01053686 0.01040005 -0.002534628 -0.04885188 -0.001494134 0.06689853 0.1081135
-0.04344914 -0.03694409 0.01295875 -0.04294164 -0.004006651 0.001963368 0.03473933
0.04295988 0.04041964 -0.0434828 -0.01877234 -0.01986389 0.03590476 0.07672292
-0.004924206 0.002854231 0.01030907 -0.01127309 -0.04301253 -0.02170596 0.02824246
-0.04979044 -0.03182208 0.050372 -0.03770629 0.02298207 0.003283764 -0.03613076
-0.02057737 -0.03301544 -0.01750448 -0.04544013 -0.04623961 -0.04514933 -0.004676397
0.01761713 0.02058524 -0.02917123 -0.01942488 0.0111432 -0.02546525 -0.05172553
0.001373422 0.01957253 0.01294216 -0.0140228 -0.0007023334 0.03196443 0.03794818
0.07836142 0.08905825 -0.02641396 0.007332854 0.03325598 0.04707967 0.006117903
-0.04466193 -0.03845259 0.008838477 -0.02076109 0.004270452 -0.05039341 -0.05213195
0.01051734 0.0002762591 -0.03585526 -0.01012038 0.008684881 0.06203001 0.06177891
0.0279669 -0.004445906 -0.084157 -0.002079514 0.02140665 0.04011095 0.00291034
0.004506274 0.01750977 0.03553603 0.001995526 0.02403955 -0.02904414 -0.0491353
0.06818259 0.06768082 0.02753461 0.09042377 0.04629609 0.009970613 -0.06789986
0.03813253 0.05103401 0.02048775 -0.001371514 -0.01135144 0.02327429 0.0501889
-0.03762139 -0.0175492 0.05776611 0.02278244 0.03045796 0.003343584 -0.0385286
-0.1103353 -0.09822661 0.04566327 -0.07956872 -0.04087593 -0.03388197 -0.006444461
0.04801934 0.04275815 -0.03518986 0.008818756 0.02439992 -0.04515505 -0.08385668
-0.1025173 -0.1223776 -0.006968211 -0.03181268 0.03554087 -0.03460758 -0.06549384
-0.001373019 0.005608197 0.03033403 -0.0124645 0.01305654 0.05340557 0.07420568
0.006275073 0.005241935 0.005561659 -0.006389788 -0.003926029 0.01889754 0.02459506
-0.04108993 -0.01977962 0.04411623 0.001195467 -0.01612621 -0.0154487 0.01892936
0.05081006 0.05217474 0.02647983 0.04674938 -0.03889062 -0.01928253 0.02311526
0.02962413 0.02649219 -0.01836538 -0.004325356 0.003986762 -0.04134277 -0.04176849
0.02848417 0.04098868 -0.002409329 -0.003983536 -0.03285596 0.02822754 0.05550217
-0.07629037 -0.09499097 -0.01848885 -0.03781604 0.02588769 -0.0235277 -0.0637995
-0.005358957 -0.00541256 -0.01496658 0.01847657 0.02704207 0.004488187 -0.03450592
0.0112532 0.02453763 0.02325718 -0.02482734 0.0006674103 -0.05804077 -0.04582271
0.01742473 0.02184502 -0.02591637 -0.01959353 0.02993477 0.007538546 -0.0443593
-0.02292443 -0.01981595 0.04844058 -0.006956379 -0.01173687 0.02918067 0.06433576
0.06363269 0.05513359 -0.02612003 0.02327267 -0.01092802 -0.03701202 -0.04051112
0.048509 0.05799017 0.02042257 0.04575136 -0.02012586 0.06419587 0.1105761
0.01624932 0.02545259 -0.02885256 -0.02972024 -0.03146701 -0.01010546 0.03759973
0.04888103 0.03044326 -0.02079232 -0.003770721 0.04063061 0.008322834 -0.03340532
0.01940221 0.03584884 0.05114893 0.03506752 0.01375693 -0.002139975 -0.01703357
-0.004087676 -0.01381305 0.005442381 0.006070774 0.001948075 -0.04436259 -0.02223663
0.07278244 0.07907634 -0.01851081 0.03543375 0.01189541 -0.005786559 -0.02893577
-0.006135221 -0.01239495 -0.02655946 -0.05096617 -0.03086698 -0.07940227 -0.1140421
-0.01010688 -0.02078061 -0.04051667 -0.01088793 -0.01848743 -0.03646349 -0.02000561
-0.01916622 -0.0215101 -0.01237373 0.04894838 0.02750333 0.03842697 0.01811705
0.0386722 0.05059714 0.01463487 0.007363348 0.03484232 0.02909691 -0.0001998437
-0.01392755 -0.006553239 0.016075 0.04214098 -0.002510918 0.01549625 0.04978053
-0.06576185 -0.0404229 0.04789954 0.03022949 0.06040364 0.04891837 0.01622421
-0.003603882 -0.003184855 -0.0006755218 0.01654331 0.0317037 -0.05988825 -0.1142581
-0.02194334 -0.02335394 -0.0459761 -0.0610472 -0.005376887 -0.07545825 -0.06624218
0.03599232 0.06161421 0.0266644 0.08068363 0.007822263 0.01027832 -0.008591881
-0.001600802 -0.004244627 -0.006522822 0.002164832 0.0342652 -0.02391571 -0.09010919
-0.001099545 -0.00747915 -0.0005546759 0.01503208 0.01703316 0.007523056 -0.01518447
0.01620377 0.02247328 0.009049602 0.03206595 0.0180452 -0.01808849 -0.06923892
-0.03302551 -0.05095053 -0.05174052 -0.07523738 -0.02501223 -0.02963358 -0.003775995
0.05778621 0.06095526 0.04548165 0.07273299 -0.001954718 0.01797619 0.007626064
0.02996851 0.03753472 0.05190612 0.09068036 0.01921432 0.06462814 0.06297062
-0.01949797 0.001562781 0.07881853 -0.02316666 -0.01475447 0.004918778 0.03947899
-0.04449814 -0.06082856 -0.080571 0.02169821 0.01887887 -0.0006981494 -0.01265657
-0.0745975 -0.06557912 0.01514797 -0.01097039 0.03118813 0.05909075 0.02835971
0.02582375 0.03118562 0.01521117 0.009482123 -0.004249878 0.05057549 0.07148559
-0.02838105 -0.006883531 0.0845931 0.001935917 -0.01117204 -0.03812647 -0.03965818
0.07535646 0.09906027 0.0783886 0.03441361 0.02693301 0.05697086 0.06489666
0.03904017 0.04953242 0.01260297 0.08632008 0.04997454 0.0286417 -0.01622831
0.06213002 0.03064785 -0.1014077 -0.02982653 -0.008420851 -0.01561933 -0.0186332
0.01748049 0.02617737 0.05226463 0.004189878 -0.03794069 -0.03390353 -0.009499461
0.03296078 0.03064764 -0.031905 -0.004771194 -0.009381488 0.01154371 0.0107255
-0.07116178 -0.09240873 -0.04188405 -0.05070947 -0.01858432 -0.0487171 -0.02854157
0.05716437 0.05565695 -0.02073733 0.04408037 -0.01656443 0.009019623 0.02247065
0.04692869 0.03338529 -0.03560533 -0.0728372 -0.004559571 -0.03159677 -0.05010634
0.05717603 0.05439754 -0.01902307 -0.008326735 -0.0223579 -0.006512948 0.02382441
0.03255071 0.02717661 -0.02905476 0.04924314 -0.002337238 0.003281488 -0.007234742
0.006232395 -0.00322916 -0.02661003 -0.06666131 -0.06174985 0.02929366 0.117354
0.004487055 0.006587349 -0.02377456 -0.04710659 -0.02985039 0.0490375 0.08731566
0.06117672 0.07155511 0.02624378 0.0415034 0.009071237 0.01021919 0.02864379
-0.005534584 -0.005141264 0.0001596782 -0.0508423 0.003567081 -0.02770858 -0.03543943
0.08606072 0.07873446 -0.0001058819 0.0137725 -0.007331009 0.02391246 0.01096337
-0.006336328 -0.03244277 -0.03264096 -0.0388825 -0.02257904 -0.01983655 0.006323333
0.01117556 0.01233407 0.001517895 0.0295566 -0.01182939 -0.0182336 -0.01448668
0.008083619 0.01215603 -0.002025414 -0.007678764 -0.002692165 0.02613887 0.05666749
0.05850611 0.0447225 -0.03876108 -0.02189818 -0.00651135 0.04672418 0.08186793
0.04051106 0.0358393 -0.0266642 -0.004546539 0.01156341 0.008225934 -0.02273117
0.03642539 0.03783603 -0.03474092 -0.02017067 0.05115426 0.05099481 0.03695252
-0.005812818 -0.006603423 -0.02320666 -0.02316542 -0.01139628 -0.03068925 -0.02226184
-0.05514815 -0.05961934 0.005618932 -0.06928055 -0.01790348 -0.04762058 -0.0306929
0.02252248 0.02298517 -0.003697918 -0.03424913 -0.03360759 0.02186902 0.07625153
0.0535535 0.04257535 -0.07147252 -0.05196548 -0.06876474 -0.03084386 0.01263289
0.03866358 0.03569996 -0.02033185 -0.03853819 0.06402859 0.007985615 -0.05841963
-0.006529037 -0.01982304 -0.05372716 -0.03484622 0.00599916 0.04498577 0.05195517
0.03814641 0.01777773 -0.1117294 -0.03368703 0.01435619 -0.02535522 -0.03071849
0.007749487 -0.002040126 -0.01849714 0.01217416 -0.003224693 0.01994557 0.01993834
-0.01054248 -0.004831527 0.03043297 0.03967155 -0.03975991 0.02602742 0.0672293
0.04694275 0.02122567 -0.0678516 -0.05058213 0.002242191 0.01689103 0.002226453
-0.01011201 -0.02441884 -0.0432441 0.02717979 -0.01614399 -0.01665038 0.02217818
-0.05352466 -0.04304202 0.03641645 -0.07907334 -0.01081916 -0.03761302 -0.02345943
0.0475084 0.06593067 0.04505755 -0.03063451 0.02561286 -0.02611807 -0.05872547
-0.02153544 -0.01930104 0.03623054 0.008567462 0.01736434 -0.02388937 -0.02846026
0.03758226 0.03522419 0.01035447 -0.03306984 -0.002592364 -0.04033629 -0.03862882
0.006598863 0.003774152 0.02013413 0.06536242 -0.001326749 0.01058772 -0.003503655
0.09852467 0.1080854 -0.006748222 0.006952541 0.005682976 0.0123968 -0.0009880017
-0.02082462 -0.01835154 0.02273809 0.01036711 -0.02541334 0.01107113 0.0279458
-0.02459381 -0.03264291 -0.07045889 0.05550856 -0.001536649 -0.01687047 -0.02424897
-0.06785677 -0.0553338 0.03589234 -0.02693846 0.004060946 -0.007116005 -0.03988896
0.04022434 0.03372299 0.004871986 0.001550643 -0.007424741 0.03999664 0.03724701
-0.02337405 -0.02110328 0.00651273 0.04374807 0.03483673 -0.04604548 -0.09796783
0.08127284 0.09135605 -0.0217891 0.03050212 -0.01690818 -0.01487821 -0.01759517
-0.02347761 -0.03887328 0.001478588 -0.03019826 -0.03655873 -0.023034 0.008461185
0.02561095 0.01488979 -0.03006557 -0.02585115 0.01435456 -0.04092505 -0.07491384
-0.008252352 -0.001464697 0.02238944 -0.01485523 0.01555747 -0.05887622 -0.07235657
-0.003862624 -0.004485262 0.002915696 0.0008450878 -0.01277956 -0.02884488 -0.03750808
0.1053988 0.1053821 0.03145266 0.08254174 0.04902908 0.06690402 0.02860443
0.007768319 0.005473284 -0.01387121 -0.002438654 0.02476083 -0.04985301 -0.1093248
0.003187762 0.00344752 0.05656391 -0.004581341 -0.02162574 -0.0008083996 0.03025855
-0.01541739 -0.01313433 -0.02971764 -0.02268329 -0.0236638 -0.02401853 0.008711492
0.03640494 0.04172229 0.03191014 0.04708616 0.01131245 0.05002564 0.04584329
0.03395909 0.05029247 0.0188414 -0.03164933 -0.04268898 -0.02070029 -0.0155818
0.0227314 0.01239873 0.0086108 0.02836835 -0.07910213 -0.02407996 0.02533658
0.02882303 0.02717689 0.00171693 0.01176789 0.01094609 -0.001092226 0.007016455
-0.04306542 -0.03292486 0.09190395 0.01683975 -0.02041411 0.02020898 0.05108174
-0.03224486 -0.03101107 -0.01467324 -0.02206436 -0.02394812 0.0001195938 0.03290891
-0.002289983 -0.004291823 -0.05981739 -0.004812237 -0.02181323 0.005833917 0.006161719
-0.04294333 -0.02602432 0.05847372 -0.01092816 -0.01266352 -0.01808625 -0.01526551
0.01670109 0.008943522 -0.0413853 0.0008990014 0.05241977 -0.004341624 -0.06655466
0.05907008 0.03875123 -0.07926264 0.01562237 -0.01332505 0.02324207 0.04511281
0.1153838 0.1190514 -0.03989193 -0.01178291 0.00274176 0.06016828 0.07833512
0.02609968 0.01157123 -0.06741556 0.02446332 -0.01056524 -0.06057341 -0.07828316
-0.04422353 -0.05065164 -0.01676407 -0.01567436 0.01627283 -0.02631266 -0.0417868
0.02906087 0.02015177 -0.01768809 0.04019004 -0.0397699 0.003724084 0.03977582
0.06571399 0.04529547 -0.07116012 -0.04945837 0.002296665 0.02899746 0.03905102
-0.003597732 -0.01031809 -0.01209639 0.03346365 -0.000664076 0.02006028 0.0260413
0.05222521 0.06262685 0.02967622 0.024168 -0.001169955 0.06773178 0.0878509
0.05417907 0.05497904 -0.01386328 -0.01147979 0.01746246 -0.07075301 -0.09706108
-0.00441152 0.00235297 -0.01526495 -0.03468857 -0.02394343 0.01055636 0.05843925
-0.03389621 -0.02788955 0.01476225 0.01952677 0.004022872 -0.01938669 -0.04511446
0.06009336 0.07740972 0.05606585 0.008185669 -0.02522451 0.0186431 0.03223935
0.004453417 -0.02593559 -0.07189726 0.02347743 -0.005181635 -0.01806063 -0.02169037
0.08935576 0.08155989 -0.06758335 -0.08263672 -0.02035039 -0.02020752 0.01803862
0.01351822 0.01078448 -0.01698337 0.04201756 -0.01815597 -0.009162709 0.030839
-0.1180381 -0.1067068 0.07177779 -0.0344683 -0.03365884 -0.04944737 -0.0305681
-0.02730488 -0.02193136 0.02117347 0.003443485 -0.05096828 -0.004692241 0.02639019
0.01257796 0.04996098 0.09460755 0.00209334 0.001719385 0.02757431 0.03944954
-0.02896303 -0.0261057 0.04783043 0.01153454 0.04075026 0.05647798 0.01202536
0.01720876 0.005912315 -0.06287171 0.02841066 0.02498546 -0.05369916 -0.09689715
-0.0235083 -0.00174432 0.0537277 0.009726286 0.03281507 -0.02797108 -0.04300745
-0.0527 -0.03773892 0.04722672 0.06277986 0.00796717 0.02901419 0.004267971
-0.1127901 -0.105145 0.06095437 -0.05130904 -0.007274913 -0.02312892 -0.01252339
0.04549095 0.04356139 -0.01941075 0.02578557 0.05366918 -0.02193009 -0.09150121
-0.00185909 -0.01495471 -0.08944131 -0.07872728 -0.04382233 -0.1036991 -0.05722014
0.01086764 0.01134713 -0.02906019 0.06862382 0.02570324 0.02325049 -0.0234386
0.04356753 0.05326356 0.01859958 0.03527126 -0.05269115 -0.03331698 -0.02056641
0.0160751 0.02869782 0.008397761 -0.007997547 -0.00911728 -0.01680349 -0.02828615
0.002169278 0.01129399 0.03075284 -0.02286289 -0.03265157 -0.04514662 -0.0168653
-0.01579247 -0.02912471 -0.006682653 0.003462427 -0.03922855 -0.04731464 -0.002851922
-0.04088654 -0.04511854 0.01225869 0.01031251 -0.01766324 0.01056647 0.01988693
-0.04505546 -0.04794854 0.02049482 -0.05006369 -0.03873513 -0.05793665 -0.04184238
-0.03956444 -0.0300587 0.02289252 -0.05418615 -0.01190293 -0.002916531 -0.01659721
-0.07476056 -0.08016852 -0.01164939 0.00483846 0.005086034 -0.01714224 -0.05367979
-0.0001897096 0.01278804 0.02632523 -0.05538574 -0.01202408 -0.02220506 0.002514561
0.05278931 0.04318121 -0.07177194 0.007543245 0.02018146 0.08032449 0.07835003
-0.02916422 -0.03765319 -0.04751557 -0.0613615 -0.00864128 -0.0765581 -0.1043218
0.002242159 -0.0006719164 -0.02328764 0.07496562 0.03275109 0.01940342 -0.004095616
-0.03214404 -0.03306139 -0.04176236 -0.03695178 0.0111913 0.03660655 0.03595445
0.01415088 0.02964092 0.01516621 0.002497295 -0.02661909 -0.02989139 0.009174085
0.04192496 0.034271 -0.01089139 0.01003143 -0.03328554 -0.01752816 -0.002427504
0.02268335 0.02291667 0.01907699 -0.01318786 0.002238447 0.03374471 0.04329896
-0.03727707 -0.01790969 0.008698034 0.04773589 0.05089569 0.03418088 -0.0004264584
-0.021614 -0.04023927 -0.002730423 -0.02504449 0.03116236 -0.05624875 -0.07604189
0.02981413 0.02786445 0.003056964 0.03804908 0.01989572 0.02823257 0.01233859
-0.0492403 -0.05040569 -0.02219798 -0.008323005 -0.02639005 -0.03151211 -0.008474792
-0.009650373 -0.01682271 -0.04332224 -0.01892655 0.007603629 0.02254215 0.004478987
0.02703858 0.02129965 0.002887938 0.01197303 -0.02713794 0.02033652 0.03194859
0.0173353 0.01704627 -0.04120822 -0.02525804 -0.03359598 0.00110196 0.04773665
0.006536467 -0.009354599 -0.06134822 0.03620721 0.02996408 -0.03873318 -0.05571145
0.01634532 0.02769643 -0.007195603 0.06323924 0.05728513 0.03068287 -0.008702874
-0.008219005 -0.01301433 0.008086937 0.008766855 -0.01410855 0.03647566 0.06651981
0.03309931 0.0166213 -0.03459362 -0.06266761 -0.02836728 -0.01694563 0.0165702
-0.07110126 -0.07315474 0.03317982 0.02601349 0.02249265 0.007500546 -0.01935069
-0.02555454 -0.04946033 -0.02728986 -0.07524125 -0.02368837 -0.0421009 -0.0158014
0.01079983 0.02011016 0.02040433 -0.009752828 -0.04553379 0.02018708 0.04776704
-0.03030782 -0.0368081 0.002024764 0.06907578 -0.01285988 0.01010202 0.008025064
0.04444448 0.04222865 0.01997435 0.05050864 0.06214496 0.05455742 -0.01258069
0.03060891 0.03768606 0.02223669 -0.008174847 -0.02016073 -0.005669595 0.03390307
0.02373533 0.02917085 0.008962351 0.04189577 -0.017772 -0.02598799 -0.00864887
0.07565029 0.07190457 -0.005586866 0.04059896 0.01134264 0.009520183 -0.01205009
-0.002718933 0.01007338 0.04431703 0.02561991 -0.004228034 0.0197984 0.004505454
-0.03516773 -0.04347106 0.02376539 0.03855088 -0.006408657 0.03961391 0.04542526
0.0302105 0.03456687 -0.003865428 0.02536789 0.00298367 0.06617758 0.08357349
0.02731107 0.02889062 0.01915245 0.03151773 0.05592406 -0.01535011 -0.07346157
-0.06058772 -0.06064183 -0.01544458 -0.05817188 0.01194869 -0.06056102 -0.1030413
-0.0006203726 -0.002051468 -0.01700977 -0.09549186 -0.02100685 -0.02667973 0.01176251
0.06905934 0.07845634 0.03565523 0.07136695 0.009584801 0.02144067 0.0446777
-0.000167452 -0.01329067 -0.03614587 -0.04260257 -0.0321912 -0.02461189 -0.002960268
-0.1411828 -0.1276637 0.08422899 -0.02346102 -0.05021225 -0.05319317 -0.006321575
-0.08259087 -0.07716035 0.04858907 -0.06256874 0.01106516 -0.000450697 -0.01183383
-0.009704088 -0.02953068 -0.09626866 -0.03608431 -0.005346379 -0.02435774 -0.02136945
-0.02134866 -0.01110223 0.07278803 -0.006742948 -0.02731239 0.04872464 0.09778549
-0.004139963 -0.009041513 -0.03208202 -0.04511545 -0.01718687 -0.01623894 0.01066127
0.03554865 0.04515456 0.01776285 0.01261306 -0.0121076 0.0008426758 0.01384939
-0.03972078 -0.04213263 -0.05074713 -0.004441599 -0.03665062 -0.03330027 0.02540572
-0.03611097 -0.03689333 -0.004840599 0.09986306 0.02097652 0.06907836 0.05538388
0.0141009 0.01057671 0.02313171 0.02818367 0.02743474 -0.004684592 -0.05735414
0.004544448 0.0004846036 0.02067627 -0.01872967 -0.006314411 0.002053813 0.0005165513
0.007113125 0.02073399 0.0247608 -0.008230834 -0.0277486 0.03408331 0.08374455
0.06649285 0.07061009 -0.01897418 0.05122246 0.0364509 0.02705418 -0.01978182
0.05578328 0.05780243 0.01780774 0.04818191 -0.01656941 0.08371127 0.09906718
-0.02066377 -0.04570807 -0.04446557 -0.001630044 0.005054358 -0.02992894 -0.03486303
-0.03208726 -0.03215811 0.01363434 0.02176367 0.007419277 -0.0256901 -0.05436702
-0.03949941 -0.02776885 0.01882451 0.05171302 -0.02218298 0.06394155 0.1155476
-0.1007375 -0.08883365 0.03335514 0.01428963 -0.01420197 0.02340901 0.0597545
0.03306695 0.02546416 -0.05715311 0.006140143 0.03330107 0.002754264 -0.02751784
0.002041751 -0.003390686 -0.03371022 0.03141941 0.02031467 0.01226629 -0.007227435
0.01608442 0.01458487 -0.02107118 0.03265882 0.01308047 -0.006044176 -0.01048249
-0.007724034 0.007852837 0.05171038 0.02332152 -0.02310683 -0.006584352 0.03865977
-0.04580974 -0.03034278 0.06721365 0.04019761 -0.003355948 0.04335195 0.05230449
0.004889451 0.01286104 -0.01123531 -0.01567517 0.05059358 -0.02891967 -0.08095529
0.07552762 0.07060256 -0.05398168 -0.01786037 -0.02254753 0.01489038 0.05558148
0.0474056 0.05366215 0.04316101 0.02563374 0.01815237 0.05099948 0.04116444
-0.03026623 -0.04178264 -0.03055149 -0.080196 -0.01371042 -0.05137048 -0.03990118
0.06531212 0.04131297 -0.1051497 -0.02710223 -0.03113636 -0.04540866 -0.04001332
-0.01091009 -0.02012002 0.01265821 -0.01013303 -0.0147385 -0.005104166 0.03180296
0.0284709 0.02853579 0.02987494 -0.00422434 -0.03295407 -0.01753511 0.0009900384
-0.1078155 -0.1060586 0.003756049 -0.00917254 -0.04999006 0.0001234215 0.07338586
-0.02889004 -0.02500705 0.02776232 0.01052218 0.02999329 0.009187827 -0.0156975
0.0073107 0.01560824 0.05079731 0.05851679 0.01039959 0.003750839 -0.01472055
-0.06294962 -0.0605318 0.003812926 -0.02747844 0.000636488 0.009838122 0.02385091
-0.01819695 -0.01858584 -0.01311144 -0.01916375 0.01298851 -0.003645038 -0.03807787
0.05550344 0.06162543 -0.004787848 0.04006829 -0.002565691 0.04180301 0.07611022
-0.05124537 -0.04834404 0.03719675 0.04411296 0.004804499 0.01971216 0.01329577
0.02834415 0.03652882 0.0456129 -0.03969587 -0.006049293 -0.03538445 -0.04851487
0.05843711 0.05975569 -0.005904142 0.03219675 -0.04992384 0.004738905 0.06563198
-0.08999497 -0.09304998 -0.06221765 -0.131241 -0.04151145 -0.02066747 0.02569578
-0.0338731 -0.0192129 0.09520448 -0.002043701 -0.02280859 0.02612037 0.06211393
-0.0375591 -0.0381835 0.004817017 -0.04108563 0.004711903 0.01147694 -0.006506842
0.003252283 0.009570381 0.004144795 -0.003500368 0.02402864 0.02082649 0.01119022
0.07650558 0.07144409 -0.0168446 0.009697764 0.06092644 -0.03789556 -0.1121037
-0.04783781 -0.04544474 -0.01622934 0.02385055 0.01642425 -0.006704876 -0.05692984
0.03935396 0.03897159 -0.002491168 0.01764974 -0.0239916 -0.04881667 -0.02337525
0.1307688 0.1236501 -0.1021781 -0.01119359 0.002752695 -0.05023977 -0.05859862
-0.0151567 -0.02164826 -0.001148009 -0.01263339 -0.01172257 0.01593962 0.02725034
-0.05117862 -0.06178954 -0.03598732 0.04481036 0.01035534 0.02984991 0.05501555
-0.03776219 -0.02511949 0.03905749 0.02760893 0.04221909 0.04870617 0.01876689
-0.07507295 -0.06853067 0.03197103 0.0144005 0.002860807 0.01651063 0.03581925
0.007048199 0.01747149 -0.01772011 -0.01474782 0.004028805 -0.03109284 -0.07116257
0.04924904 0.0404691 -0.01282074 0.07982346 0.02210603 0.02267534 -0.005629775
-0.03392712 -0.02466966 0.01869779 0.005385709 0.01646926 0.01418013 -0.004302325
0.01053686 0.01040005 -0.002534628 -0.04885188 -0.001494134 0.06689853 0.1081135
-0.04344914 -0.03694409 0.01295875 -0.04294164 -0.004006651 0.001963368 0.03473933
0.04295988 0.04041964 -0.0434828 -0.01877234 -0.01986389 0.03590476 0.07672292
-0.004924206 0.002854231 0.01030907 -0.01127309 -0.04301253 -0.02170596 0.02824246
-0.04979044 -0.03182208 0.050372 -0.03770629 0.02298207 0.003283764 -0.03613076
-0.02057737 -0.03301544 -0.01750448 -0.04544013 -0.04623961 -0.04514933 -0.004676397
0.01761713 0.02058524 -0.02917123 -0.01942488 0.0111432 -0.02546525 -0.05172553
0.001373422 0.01957253 0.01294216 -0.0140228 -0.0007023334 0.03196443 0.03794818
0.07836142 0.08905825 -0.02641396 0.007332854 0.03325598 0.04707967 0.006117903
-0.04466193 -0.03845259 0.008838477 -0.02076109 0.004270452 -0.05039341 -0.05213195
0.01051734 0.0002762591 -0.03585526 -0.01012038 0.008684881 0.06203001 0.06177891
0.0279669 -0.004445906 -0.084157 -0.002079514 0.02140665 0.04011095 0.00291034
0.004506274 0.01750977 0.03553603 0.001995526 0.02403955 -0.02904414 -0.0491353
0.06818259 0.06768082 0.02753461 0.09042377 0.04629609 0.009970613 -0.06789986
0.03813253 0.05103401 0.02048775 -0.001371514 -0.01135144 0.02327429 0.0501889
-0.03762139 -0.0175492 0.05776611 0.02278244 0.03045796 0.003343584 -0.0385286
-0.1103353 -0.09822661 0.04566327 -0.07956872 -0.04087593 -0.03388197 -0.006444461
0.04801934 0.04275815 -0.03518986 0.008818756 0.02439992 -0.04515505 -0.08385668
-0.1025173 -0.1223776 -0.006968211 -0.03181268 0.03554087 -0.03460758 -0.06549384
-0.001373019 0.005608197 0.03033403 -0.0124645 0.01305654 0.05340557 0.07420568
0.006275073 0.005241935 0.005561659 -0.006389788 -0.003926029 0.01889754 0.02459506
-0.04108993 -0.01977962 0.04411623 0.001195467 -0.01612621 -0.0154487 0.01892936
0.05081006 0.05217474 0.02647983 0.04674938 -0.03889062 -0.01928253 0.02311526
0.02962413 0.02649219 -0.01836538 -0.004325356 0.003986762 -0.04134277 -0.04176849
0.02848417 0.04098868 -0.002409329 -0.003983536 -0.03285596 0.02822754 0.05550217
-0.07629037 -0.09499097 -0.01848885 -0.03781604 0.02588769 -0.0235277 -0.0637995
-0.005358957 -0.00541256 -0.01496658 0.01847657 0.02704207 0.004488187 -0.03450592
0.0112532 0.02453763 0.02325718 -0.02482734 0.0006674103 -0.05804077 -0.04582271
0.01742473 0.02184502 -0.02591637 -0.01959353 0.02993477 0.007538546 -0.0443593
-0.02292443 -0.01981595 0.04844058 -0.006956379 -0.01173687 0.02918067 0.06433576
0.06363269 0.05513359 -0.02612003 0.02327267 -0.01092802 -0.03701202 -0.04051112
0.048509 0.05799017 0.02042257 0.04575136 -0.02012586 0.06419587 0.1105761
0.01624932 0.02545259 -0.02885256 -0.02972024 -0.03146701 -0.01010546 0.03759973
0.04888103 0.03044326 -0.02079232 -0.003770721 0.04063061 0.008322834 -0.03340532
0.01940221 0.03584884 0.05114893 0.03506752 0.01375693 -0.002139975 -0.01703357
-0.004087676 -0.01381305 0.005442381 0.006070774 0.001948075 -0.04436259 -0.02223663
0.07278244 0.07907634 -0.01851081 0.03543375 0.01189541 -0.005786559 -0.02893577
-0.006135221 -0.01239495 -0.02655946 -0.05096617 -0.03086698 -0.07940227 -0.1140421
-0.01010688 -0.02078061 -0.04051667 -0.01088793 -0.01848743 -0.03646349 -0.02000561
-0.01916622 -0.0215101 -0.01237373 0.04894838 0.02750333 0.03842697 0.01811705
0.0386722 0.05059714 0.01463487 0.007363348 0.03484232 0.02909691 -0.0001998437
-0.01392755 -0.006553239 0.016075 0.04214098 -0.002510918 0.01549625 0.04978053
-0.06576185 -0.0404229 0.04789954 0.03022949 0.06040364 0.04891837 0.01622421
-0.003603882 -0.003184855 -0.0006755218 0.01654331 0.0317037 -0.05988825 -0.1142581
-0.02194334 -0.02335394 -0.0459761 -0.0610472 -0.005376887 -0.07545825 -0.06624218
0.03599232 0.06161421 0.0266644 0.08068363 0.007822263 0.01027832 -0.008591881
-0.001600802 -0.004244627 -0.006522822 0.002164832 0.0342652 -0.02391571 -0.09010919
-0.001099545 -0.00747915 -0.0005546759 0.01503208 0.01703316 0.007523056 -0.01518447
0.01620377 0.02247328 0.009049602 0.03206595 0.0180452 -0.01808849 -0.06923892
-0.03302551 -0.05095053 -0.05174052 -0.07523738 -0.02501223 -0.02963358 -0.003775995
0.05778621 0.06095526 0.04548165 0.07273299 -0.001954718 0.01797619 0.007626064
0.02996851 0.03753472 0.05190612 0.09068036 0.01921432 0.06462814 0.06297062
-0.01949797 0.001562781 0.07881853 -0.02316666 -0.01475447 0.004918778 0.03947899
-0.04449814 -0.06082856 -0.080571 0.02169821 0.01887887 -0.0006981494 -0.01265657
-0.0745975 -0.06557912 0.01514797 -0.01097039 0.03118813 0.05909075 0.02835971
0.02582375 0.03118562 0.01521117 0.009482123 -0.004249878 0.05057549 0.07148559
-0.02838105 -0.006883531 0.0845931 0.001935917 -0.01117204 -0.03812647 -0.03965818
0.07535646 0.09906027 0.0783886 0.03441361 0.02693301 0.05697086 0.06489666
0.03904017 0.04953242 0.01260297 0.08632008 0.04997454 0.0286417 -0.01622831
0.06213002 0.03064785 -0.1014077 -0.02982653 -0.008420851 -0.01561933 -0.0186332
0.01748049 0.02617737 0.05226463 0.004189878 -0.03794069 -0.03390353 -0.009499461
0.03296078 0.03064764 -0.031905 -0.004771194 -0.009381488 0.01154371 0.0107255
-0.07116178 -0.09240873 -0.04188405 -0.05070947 -0.01858432 -0.0487171 -0.02854157
0.05716437 0.05565695 -0.02073733 0.04408037 -0.01656443 0.009019623 0.02247065
0.04692869 0.03338529 -0.03560533 -0.0728372 -0.004559571 -0.03159677 -0.05010634
0.05717603 0.05439754 -0.01902307 -0.008326735 -0.0223579 -0.006512948 0.02382441
0.03255071 0.02717661 -0.02905476 0.04924314 -0.002337238 0.003281488 -0.007234742
0.006232395 -0.00322916 -0.02661003 -0.06666131 -0.06174985 0.02929366 0.117354
0.004487055 0.006587349 -0.02377456 -0.04710659 -0.02985039 0.0490375 0.08731566
0.06117672 0.07155511 0.02624378 0.0415034 0.009071237 0.01021919 0.02864379
-0.005534584 -0.005141264 0.0001596782 -0.0508423 0.003567081 -0.02770858 -0.03543943
0.08606072 0.07873446 -0.0001058819 0.0137725 -0.007331009 0.02391246 0.01096337
-0.006336328 -0.03244277 -0.03264096 -0.0388825 -0.02257904 -0.01983655 0.006323333
0.01117556 0.01233407 0.001517895 0.0295566 -0.01182939 -0.0182336 -0.01448668
0.008083619 0.01215603 -0.002025414 -0.007678764 -0.002692165 0.02613887 0.05666749
0.05850611 0.0447225 -0.03876108 -0.02189818 -0.00651135 0.04672418 0.08186793
0.04051106 0.0358393 -0.0266642 -0.004546539 0.01156341 0.008225934 -0.02273117
0.03642539 0.03783603 -0.03474092 -0.02017067 0.05115426 0.05099481 0.03695252
-0.005812818 -0.006603423 -0.02320666 -0.02316542 -0.01139628 -0.03068925 -0.02226184
-0.05514815 -0.05961934 0.005618932 -0.06928055 -0.01790348 -0.04762058 -0.0306929
0.02252248 0.02298517 -0.003697918 -0.03424913 -0.03360759 0.02186902 0.07625153
0.0535535 0.04257535 -0.07147252 -0.05196548 -0.06876474 -0.03084386 0.01263289
0.03866358 0.03569996 -0.02033185 -0.03853819 0.06402859 0.007985615 -0.05841963
-0.006529037 -0.01982304 -0.05372716 -0.03484622 0.00599916 0.04498577 0.05195517
0.03814641 0.01777773 -0.1117294 -0.03368703 0.01435619 -0.02535522 -0.03071849
0.007749487 -0.002040126 -0.01849714 0.01217416 -0.003224693 0.01994557 0.01993834
-0.01054248 -0.004831527 0.03043297 0.03967155 -0.03975991 0.02602742 0.0672293
0.04694275 0.02122567 -0.0678516 -0.05058213 0.002242191 0.01689103 0.002226453
-0.01011201 -0.02441884 -0.0432441 0.02717979 -0.01614399 -0.01665038 0.02217818
-0.05352466 -0.04304202 0.03641645 -0.07907334 -0.01081916 -0.03761302 -0.02345943
0.0475084 0.06593067 0.04505755 -0.03063451 0.02561286 -0.02611807 -0.05872547
-0.02153544 -0.01930104 0.03623054 0.008567462 0.01736434 -0.02388937 -0.02846026
0.03758226 0.03522419 0.01035447 -0.03306984 -0.002592364 -0.04033629 -0.03862882
0.006598863 0.003774152 0.02013413 0.06536242 -0.001326749 0.01058772 -0.003503655
0.09852467 0.1080854 -0.006748222 0.006952541 0.005682976 0.0123968 -0.0009880017
-0.02082462 -0.01835154 0.02273809 0.01036711 -0.02541334 0.01107113 0.0279458
-0.02459381 -0.03264291 -0.07045889 0.05550856 -0.001536649 -0.01687047 -0.02424897
-0.06785677 -0.0553338 0.03589234 -0.02693846 0.004060946 -0.007116005 -0.03988896
0.04022434 0.03372299 0.004871986 0.001550643 -0.007424741 0.03999664 0.03724701
-0.02337405 -0.02110328 0.00651273 0.04374807 0.03483673 -0.04604548 -0.09796783
0.08127284 0.09135605 -0.0217891 0.03050212 -0.01690818 -0.01487821 -0.01759517
-0.02347761 -0.03887328 0.001478588 -0.03019826 -0.03655873 -0.023034 0.008461185
0.02561095 0.01488979 -0.03006557 -0.02585115 0.01435456 -0.04092505 -0.07491384
-0.008252352 -0.001464697 0.02238944 -0.01485523 0.01555747 -0.05887622 -0.07235657
-0.003862624 -0.004485262 0.002915696 0.0008450878 -0.01277956 -0.02884488 -0.03750808
0.1053988 0.1053821 0.03145266 0.08254174 0.04902908 0.06690402 0.02860443
0.007768319 0.005473284 -0.01387121 -0.002438654 0.02476083 -0.04985301 -0.1093248
0.003187762 0.00344752 0.05656391 -0.004581341 -0.02162574 -0.0008083996 0.03025855
-0.01541739 -0.01313433 -0.02971764 -0.02268329 -0.0236638 -0.02401853 0.008711492
0.03640494 0.04172229 0.03191014 0.04708616 0.01131245 0.05002564 0.04584329
0.03395909 0.05029247 0.0188414 -0.03164933 -0.04268898 -0.02070029 -0.0155818
0.0227314 0.01239873 0.0086108 0.02836835 -0.07910213 -0.02407996 0.02533658
0.02882303 0.02717689 0.00171693 0.01176789 0.01094609 -0.001092226 0.007016455
-0.04306542 -0.03292486 0.09190395 0.01683975 -0.02041411 0.02020898 0.05108174
-0.03224486 -0.03101107 -0.01467324 -0.02206436 -0.02394812 0.0001195938 0.03290891
-0.002289983 -0.004291823 -0.05981739 -0.004812237 -0.02181323 0.005833917 0.006161719
-0.04294333 -0.02602432 0.05847372 -0.01092816 -0.01266352 -0.01808625 -0.01526551
0.01670109 0.008943522 -0.0413853 0.0008990014 0.05241977 -0.004341624 -0.06655466
0.05907008 0.03875123 -0.07926264 0.01562237 -0.01332505 0.02324207 0.04511281
0.1153838 0.1190514 -0.03989193 -0.01178291 0.00274176 0.06016828 0.07833512
0.02609968 0.01157123 -0.06741556 0.02446332 -0.01056524 -0.06057341 -0.07828316
-0.04422353 -0.05065164 -0.01676407 -0.01567436 0.01627283 -0.02631266 -0.0417868
0.02906087 0.02015177 -0.01768809 0.04019004 -0.0397699 0.003724084 0.03977582
0.06571399 0.04529547 -0.07116012 -0.04945837 0.002296665 0.02899746 0.03905102
-0.003597732 -0.01031809 -0.01209639 0.03346365 -0.000664076 0.02006028 0.0260413
0.05222521 0.06262685 0.02967622 0.024168 -0.001169955 0.06773178 0.0878509
0.05417907 0.05497904 -0.01386328 -0.01147979 0.01746246 -0.07075301 -0.09706108
-0.00441152 0.00235297 -0.01526495 -0.03468857 -0.02394343 0.01055636 0.05843925
-0.03389621 -0.02788955 0.01476225 0.01952677 0.004022872 -0.01938669 -0.04511446
0.06009336 0.07740972 0.05606585 0.008185669 -0.02522451 0.0186431 0.03223935
0.004453417 -0.02593559 -0.07189726 0.02347743 -0.005181635 -0.01806063 -0.02169037
0.08935576 0.08155989 -0.06758335 -0.08263672 -0.02035039 -0.02020752 0.01803862
0.01351822 0.01078448 -0.01698337 0.04201756 -0.01815597 -0.009162709 0.030839
-0.1180381 -0.1067068 0.07177779 -0.0344683 -0.03365884 -0.04944737 -0.0305681
-0.02730488 -0.02193136 0.02117347 0.003443485 -0.05096828 -0.004692241 0.02639019
0.01257796 0.04996098 0.09460755 0.00209334 0.001719385 0.02757431 0.03944954
-0.02896303 -0.0261057 0.04783043 0.01153454 0.04075026 0.05647798 0.01202536
0.01720876 0.005912315 -0.06287171 0.02841066 0.02498546 -0.05369916 -0.09689715
-0.0235083 -0.00174432 0.0537277 0.009726286 0.03281507 -0.02797108 -0.04300745
-0.0527 -0.03773892 0.04722672 0.06277986 0.00796717 0.02901419 0.004267971
-0.1127901 -0.105145 0.06095437 -0.05130904 -0.007274913 -0.02312892 -0.01252339
0.04549095 0.04356139 -0.01941075 0.02578557 0.05366918 -0.02193009 -0.09150121
-0.00185909 -0.01495471 -0.08944131 -0.07872728 -0.04382233 -0.1036991 -0.05722014
0.01086764 0.01134713 -0.02906019 0.06862382 0.02570324 0.02325049 -0.0234386
0.04356753 0.05326356 0.01859958 0.03527126 -0.05269115 -0.03331698 -0.02056641
0.0160751 0.02869782 0.008397761 -0.007997547 -0.00911728 -0.01680349 -0.02828615
0.002169278 0.01129399 0.03075284 -0.02286289 -0.03265157 -0.04514662 -0.0168653
-0.01579247 -0.02912471 -0.006682653 0.003462427 -0.03922855 -0.04731464 -0.002851922
-0.04088654 -0.04511854 0.01225869 0.01031251 -0.01766324 0.01056647 0.01988693
-0.04505546 -0.04794854 0.02049482 -0.05006369 -0.03873513 -0.05793665 -0.04184238
-0.03956444 -0.0300587 0.02289252 -0.05418615 -0.01190293 -0.002916531 -0.01659721
-0.07476056 -0.08016852 -0.01164939 0.00483846 0.005086034 -0.01714224 -0.05367979
-0.0001897096 0.01278804 0.02632523 -0.05538574 -0.01202408 -0.02220506 0.002514561
0.05278931 0.04318121 -0.07177194 0.007543245 0.02018146 0.08032449 0.07835003
-0.02916422 -0.03765319 -0.04751557 -0.0613615 -0.00864128 -0.0765581 -0.1043218
0.002242159 -0.0006719164 -0.02328764 0.07496562 0.03275109 0.01940342 -0.004095616
-0.03214404 -0.03306139 -0.04176236 -0.03695178 0.0111913 0.03660655 0.03595445
0.01415088 0.02964092 0.01516621 0.002497295 -0.02661909 -0.02989139 0.009174085
0.04192496 0.034271 -0.01089139 0.01003143 -0.03328554 -0.01752816 -0.002427504
0.02268335 0.02291667 0.01907699 -0.01318786 0.002238447 0.03374471 0.04329896
-0.03727707 -0.01790969 0.008698034 0.04773589 0.05089569 0.03418088 -0.0004264584
-0.021614 -0.04023927 -0.002730423 -0.02504449 0.03116236 -0.05624875 -0.07604189
0.02981413 0.02786445 0.003056964 0.03804908 0.01989572 0.02823257 0.01233859
-0.0492403 -0.05040569 -0.02219798 -0.008323005 -0.02639005 -0.03151211 -0.008474792
-0.009650373 -0.01682271 -0.04332224 -0.01892655 0.007603629 0.02254215 0.004478987
0.02703858 0.02129965 0.002887938 0.01197303 -0.02713794 0.02033652 0.03194859
0.0173353 0.01704627 -0.04120822 -0.02525804 -0.03359598 0.00110196 0.04773665
0.006536467 -0.009354599 -0.06134822 0.03620721 0.02996408 -0.03873318 -0.05571145
0.01634532 0.02769643 -0.007195603 0.06323924 0.05728513 0.03068287 -0.008702874
-0.008219005 -0.01301433 0.008086937 0.008766855 -0.01410855 0.03647566 0.06651981
0.03309931 0.0166213 -0.03459362 -0.06266761 -0.02836728 -0.01694563 0.0165702
-0.07110126 -0.07315474 0.03317982 0.02601349 0.02249265 0.007500546 -0.01935069
-0.02555454 -0.04946033 -0.02728986 -0.07524125 -0.02368837 -0.0421009 -0.0158014
0.01079983 0.02011016 0.02040433 -0.009752828 -0.04553379 0.02018708 0.04776704
-0.03030782 -0.0368081 0.002024764 0.06907578 -0.01285988 0.01010202 0.008025064
0.04444448 0.04222865 0.01997435 0.05050864 0.06214496 0.05455742 -0.01258069
0.03060891 0.03768606 0.02223669 -0.008174847 -0.02016073 -0.005669595 0.03390307
0.02373533 0.02917085 0.008962351 0.04189577 -0.017772 -0.02598799 -0.00864887
0.07565029 0.07190457 -0.005586866 0.04059896 0.01134264 0.009520183 -0.01205009
-0.002718933 0.01007338 0.04431703 0.02561991 -0.004228034 0.0197984 0.004505454
-0.03516773 -0.04347106 0.02376539 0.03855088 -0.006408657 0.03961391 0.04542526
0.0302105 0.03456687 -0.003865428 0.02536789 0.00298367 0.06617758 0.08357349
0.02731107 0.02889062 0.01915245 0.03151773 0.05592406 -0.01535011 -0.07346157
-0.06058772 -0.06064183 -0.01544458 -0.05817188 0.01194869 -0.06056102 -0.1030413
-0.0006203726 -0.002051468 -0.01700977 -0.09549186 -0.02100685 -0.02667973 0.01176251
0.06905934 0.07845634 0.03565523 0.07136695 0.009584801 0.02144067 0.0446777
-0.000167452 -0.01329067 -0.03614587 -0.04260257 -0.0321912 -0.02461189 -0.002960268
-0.1411828 -0.1276637 0.08422899 -0.02346102 -0.05021225 -0.05319317 -0.006321575
-0.08259087 -0.07716035 0.04858907 -0.06256874 0.01106516 -0.000450697 -0.01183383
-0.009704088 -0.02953068 -0.09626866 -0.03608431 -0.005346379 -0.02435774 -0.02136945
-0.02134866 -0.01110223 0.07278803 -0.006742948 -0.02731239 0.04872464 0.09778549
-0.004139963 -0.009041513 -0.03208202 -0.04511545 -0.01718687 -0.01623894 0.01066127
0.03554865 0.04515456 0.01776285 0.01261306 -0.0121076 0.0008426758 0.01384939
-0.03972078 -0.04213263 -0.05074713 -0.004441599 -0.03665062 -0.03330027 0.02540572
-0.03611097 -0.03689333 -0.004840599 0.09986306 0.02097652 0.06907836 0.05538388
0.0141009 0.01057671 0.02313171 0.02818367 0.02743474 -0.004684592 -0.05735414
0.004544448 0.0004846036 0.02067627 -0.01872967 -0.006314411 0.002053813 0.0005165513
0.007113125 0.02073399 0.0247608 -0.008230834 -0.0277486 0.03408331 0.08374455
0.06649285 0.07061009 -0.01897418 0.05122246 0.0364509 0.02705418 -0.01978182
0.05578328 0.05780243 0.01780774 0.04818191 -0.01656941 0.08371127 0.09906718
-0.02066377 -0.04570807 -0.04446557 -0.001630044 0.005054358 -0.02992894 -0.03486303
-0.03208726 -0.03215811 0.01363434 0.02176367 0.007419277 -0.0256901 -0.05436702
-0.03949941 -0.02776885 0.01882451 0.05171302 -0.02218298 0.06394155 0.1155476
-0.1007375 -0.08883365 0.03335514 0.01428963 -0.01420197 0.02340901 0.0597545
0.03306695 0.02546416 -0.05715311 0.006140143 0.03330107 0.002754264 -0.02751784
0.002041751 -0.003390686 -0.03371022 0.03141941 0.02031467 0.01226629 -0.007227435
0.01608442 0.01458487 -0.02107118 0.03265882 0.01308047 -0.006044176 -0.01048249
-0.007724034 0.007852837 0.05171038 0.02332152 -0.02310683 -0.006584352 0.03865977
-0.04580974 -0.03034278 0.06721365 0.04019761 -0.003355948 0.04335195 0.05230449
0.004889451 0.01286104 -0.01123531 -0.01567517 0.05059358 -0.02891967 -0.08095529
0.07552762 0.07060256 -0.05398168 -0.01786037 -0.02254753 0.01489038 0.05558148
0.0474056 0.05366215 0.04316101 0.02563374 0.01815237 0.05099948 0.04116444
-0.03026623 -0.04178264 -0.03055149 -0.080196 -0.01371042 -0.05137048 -0.03990118
0.06531212 0.04131297 -0.1051497 -0.02710223 -0.03113636 -0.04540866 -0.04001332
-0.01091009 -0.02012002 0.01265821 -0.01013303 -0.0147385 -0.005104166 0.03180296
0.0284709 0.02853579 0.02987494 -0.00422434 -0.03295407 -0.01753511 0.0009900384
-0.1078155 -0.1060586 0.003756049 -0.00917254 -0.04999006 0.0001234215 0.07338586
-0.02889004 -0.02500705 0.02776232 0.01052218 0.02999329 0.009187827 -0.0156975
0.0073107 0.01560824 0.05079731 0.05851679 0.01039959 0.003750839 -0.01472055
-0.06294962 -0.0605318 0.003812926 -0.02747844 0.000636488 0.009838122 0.02385091
-0.01819695 -0.01858584 -0.01311144 -0.01916375 0.01298851 -0.003645038 -0.03807787
0.05550344 0.06162543 -0.004787848 0.04006829 -0.002565691 0.04180301 0.07611022
-0.05124537 -0.04834404 0.03719675 0.04411296 0.004804499 0.01971216 0.01329577
0.02834415 0.03652882 0.0456129 -0.03969587 -0.006049293 -0.03538445 -0.04851487
0.05843711 0.05975569 -0.005904142 0.03219675 -0.04992384 0.004738905 0.06563198
-0.08999497 -0.09304998 -0.06221765 -0.131241 -0.04151145 -0.02066747 0.02569578
-0.0338731 -0.0192129 0.09520448 -0.002043701 -0.02280859 0.02612037 0.06211393
-0.0375591 -0.0381835 0.004817017 -0.04108563 0.004711903 0.01147694 -0.006506842
0.003252283 0.009570381 0.004144795 -0.003500368 0.02402864 0.02082649 0.01119022
0.07650558 0.07144409 -0.0168446 0.009697764 0.06092644 -0.03789556 -0.1121037
-0.04783781 -0.04544474 -0.01622934 0.02385055 0.01642425 -0.006704876 -0.05692984
0.03935396 0.03897159 -0.002491168 0.01764974 -0.0239916 -0.04881667 -0.02337525
0.1307688 0.1236501 -0.1021781 -0.01119359 0.002752695 -0.05023977 -0.05859862
-0.0151567 -0.02164826 -0.001148009 -0.01263339 -0.01172257 0.01593962 0.02725034
-0.05117862 -0.06178954 -0.03598732 0.04481036 0.01035534 0.02984991 0.05501555
-0.03776219 -0.02511949 0.03905749 0.02760893 0.04221909 0.04870617 0.01876689
-0.07507295 -0.06853067 0.03197103 0.0144005 0.002860807 0.01651063 0.03581925
0.007048199 0.01747149 -0.01772011 -0.01474782 0.004028805 -0.03109284 -0.07116257
0.04924904 0.0404691 -0.01282074 0.07982346 0.02210603 0.02267534 -0.005629775
-0.03392712 -0.02466966 0.01869779 0.005385709 0.01646926 0.01418013 -0.004302325
0.01053686 0.01040005 -0.002534628 -0.04885188 -0.001494134 0.06689853 0.1081135
-0.04344914 -0.03694409 0.01295875 -0.04294164 -0.004006651 0.001963368 0.03473933
0.04295988 0.04041964 -0.0434828 -0.01877234 -0.01986389 0.03590476 0.07672292
-0.004924206 0.002854231 0.01030907 -0.01127309 -0.04301253 -0.02170596 0.02824246
-0.04979044 -0.03182208 0.050372 -0.03770629 0.02298207 0.003283764 -0.03613076
-0.02057737 -0.03301544 -0.01750448 -0.04544013 -0.04623961 -0.04514933 -0.004676397
0.01761713 0.02058524 -0.02917123 -0.01942488 0.0111432 -0.02546525 -0.05172553
0.001373422 0.01957253 0.01294216 -0.0140228 -0.0007023334 0.03196443 0.03794818
0.07836142 0.08905825 -0.02641396 0.007332854 0.03325598 0.04707967 0.006117903
-0.04466193 -0.03845259 0.008838477 -0.02076109 0.004270452 -0.05039341 -0.05213195
0.01051734 0.0002762591 -0.03585526 -0.01012038 0.008684881 0.06203001 0.06177891
0.0279669 -0.004445906 -0.084157 -0.002079514 0.02140665 0.04011095 0.00291034
0.004506274 0.01750977 0.03553603 0.001995526 0.02403955 -0.02904414 -0.0491353
0.06818259 0.06768082 0.02753461 0.09042377 0.04629609 0.009970613 -0.06789986
0.03813253 0.05103401 0.02048775 -0.001371514 -0.01135144 0.02327429 0.0501889
-0.03762139 -0.0175492 0.05776611 0.02278244 0.03045796 0.003343584 -0.0385286
-0.1103353 -0.09822661 0.04566327 -0.07956872 -0.04087593 -0.03388197 -0.006444461
0.04801934 0.04275815 -0.03518986 0.008818756 0.02439992 -0.04515505 -0.08385668
-0.1025173 -0.1223776 -0.006968211 -0.03181268 0.03554087 -0.03460758 -0.06549384
-0.001373019 0.005608197 0.03033403 -0.0124645 0.01305654 0.05340557 0.07420568
0.006275073 0.005241935 0.005561659 -0.006389788 -0.003926029 0.01889754 0.02459506
-0.04108993 -0.01977962 0.04411623 0.001195467 -0.01612621 -0.0154487 0.01892936
0.05081006 0.05217474 0.02647983 0.04674938 -0.03889062 -0.01928253 0.02311526
0.02962413 0.02649219 -0.01836538 -0.004325356 0.003986762 -0.04134277 -0.04176849
0.02848417 0.04098868 -0.002409329 -0.003983536 -0.03285596 0.02822754 0.05550217
-0.07629037 -0.09499097 -0.01848885 -0.03781604 0.02588769 -0.0235277 -0.0637995
-0.005358957 -0.00541256 -0.01496658 0.01847657 0.02704207 0.004488187 -0.03450592
0.0112532 0.02453763 0.02325718 -0.02482734 0.0006674103 -0.05804077 -0.04582271
0.01742473 0.02184502 -0.02591637 -0.01959353 0.02993477 0.007538546 -0.0443593
-0.02292443 -0.01981595 0.04844058 -0.006956379 -0.01173687 0.02918067 0.06433576
0.06363269 0.05513359 -0.02612003 0.02327267 -0.01092802 -0.03701202 -0.04051112
0.048509 0.05799017 0.02042257 0.04575136 -0.02012586 0.06419587 0.1105761
0.01624932 0.02545259 -0.02885256 -0.02972024 -0.03146701 -0.01010546 0.03759973
0.04888103 0.03044326 -0.02079232 -0.003770721 0.04063061 0.008322834 -0.03340532
0.01940221 0.03584884 0.05114893 0.03506752 0.01375693 -0.002139975 -0.01703357
-0.004087676 -0.01381305 0.005442381 0.006070774 0.001948075 -0.04436259 -0.02223663
0.07278244 0.07907634 -0.01851081 0.03543375 0.01189541 -0.005786559 -0.02893577
-0.006135221 -0.01239495 -0.02655946 -0.05096617 -0.03086698 -0.07940227 -0.1140421
-0.01010688 -0.02078061 -0.04051667 -0.01088793 -0.01848743 -0.03646349 -0.02000561
-0.01916622 -0.0215101 -0.01237373 0.04894838 0.02750333 0.03842697 0.01811705
0.0386722 0.05059714 0.01463487 0.007363348 0.03484232 0.02909691 -0.0001998437
-0.01392755 -0.006553239 0.016075 0.04214098 -0.002510918 0.01549625 0.04978053
-0.06576185 -0.0404229 0.04789954 0.03022949 0.06040364 0.04891837 0.01622421
-0.003603882 -0.003184855 -0.0006755218 0.01654331 0.0317037 -0.05988825 -0.1142581
-0.02194334 -0.02335394 -0.0459761 -0.0610472 -0.005376887 -0.07545825 -0.06624218
0.03599232 0.06161421 0.0266644 0.08068363 0.007822263 0.01027832 -0.008591881
-0.001600802 -0.004244627 -0.006522822 0.002164832 0.0342652 -0.02391571 -0.09010919
-0.001099545 -0.00747915 -0.0005546759 0.01503208 0.01703316 0.007523056 -0.01518447
0.01620377 0.02247328 0.009049602 0.03206595 0.0180452 -0.01808849 -0.06923892
-0.03302551 -0.05095053 -0.05174052 -0.07523738 -0.02501223 -0.02963358 -0.003775995
0.05778621 0.06095526 0.04548165 0.07273299 -0.001954718 0.01797619 0.007626064
0.02996851 0.03753472 0.05190612 0.09068036 0.01921432 0.06462814 0.06297062
-0.01949797 0.001562781 0.07881853 -0.02316666 -0.01475447 0.004918778 0.03947899
-0.04449814 -0.06082856 -0.080571 0.02169821 0.01887887 -0.0006981494 -0.01265657
-0.0745975 -0.06557912 0.01514797 -0.01097039 0.03118813 0.05909075 0.02835971
0.02582375 0.03118562 0.01521117 0.009482123 -0.004249878 0.05057549 0.07148559
-0.02838105 -0.006883531 0.0845931 0.001935917 -0.01117204 -0.03812647 -0.03965818
0.07535646 0.09906027 0.0783886 0.03441361 0.02693301 0.05697086 0.06489666
0.03904017 0.04953242 0.01260297 0.08632008 0.04997454 0.0286417 -0.01622831
