"Area_Day21" "Area_Growth" "Area_Day29_MPH" "Area_Day21_MPH" "Area_Day29" "Area_Growth_MPH" "LTF" "LTF_MPH" "DTF_MPH" "DTF"
"C001" 77.4803 25.8931 1.586 0.2142 52.3031 1.1399 2.5302 0.09 -0.0195 1.8034
"C002" 70.0266 22.5082 -3.0652 -3.6557 46.4819 -1.8137 2.4674 0.0475 -0.0123 1.8145
"C003" 86.4012 27.7321 1.807 6.8337 56.1731 0.6482 2.5296 0.05 -0.0083 1.8165
"C004" 76.5179 27.7554 2.3875 1.0613 55.0911 1.4646 2.4538 7e-04 -0.0257 1.785
"C005" 64.7584 24.1447 -2.7511 -10.0327 48.1686 -1.0297 2.454 0.0064 0.0012 1.8222
"C006" 77.6647 24.7966 -0.5501 0.0106 50.8141 -0.4162 2.5028 0.1073 -0.0124 1.8042
"C007" 81.8055 25.8087 1.8399 3.8892 52.7801 0.9622 2.4631 0.0777 -0.0202 1.8021
"C009" 78.1968 26.6036 1.2348 2.559 53.4787 0.6261 2.436 0.0117 -0.016 1.8062
"C010" 72.5183 25.9252 1.8361 -0.0432 51.7644 1.2376 2.4716 0.0842 -0.0203 1.7919
"C011" 78.5969 27.3146 2.1527 0.5857 54.5546 1.4024 2.5655 0.1953 -0.0048 1.7921
"C012" 78.7776 25.2544 -0.7576 2.9933 51.6206 -0.805 2.4989 0.025 -0.0259 1.7936
"C013" 72.3685 25.3201 -0.1022 -1.5625 50.8434 0.0686 2.4327 0.1405 0.0025 1.7913
"C014" 78.0523 25.4323 3.0457 7.3923 51.7903 1.3914 2.6112 0.135 -0.0137 1.8147
"C015" 84.5233 24.9634 -0.5213 5.6024 52.0944 -0.9965 2.4396 0.2151 0.0068 1.7951
"C016" 78.14 25.3248 0.8658 2.6348 51.6124 0.3704 2.5231 0.2003 0.0148 1.8105
"C017" 75.9202 23.497 0.1547 3.4159 48.8037 -0.2633 2.5059 0.2992 0.0229 1.8097
"C018" 88.1416 28.3086 6.4884 12.4103 57.179 3.3785 2.4684 0.0607 -0.0461 1.777
"C020" 88.1896 27.8032 8.2559 14.4215 56.5225 4.4637 2.5149 0.0167 -0.044 1.7917
"C021" 79.4041 28.0944 2.2272 1.2842 55.8379 1.3981 2.526 0.0239 -0.0202 1.8032
"C022" 89.5751 28.8598 8.1474 17.9652 58.161 4.0383 2.6076 0.1204 -0.0101 1.8119
"C023" 95.2032 29.3917 9.0988 18.9967 59.7077 4.5665 2.4304 0.0125 -0.0436 1.7715
"C024" 78.1133 23.6056 1.0937 6.8679 49.3259 -0.027 2.605 0.0703 0.0203 1.8537
"C025" 87.0999 25.6464 3.2652 10.6312 53.45 1.1875 2.6108 0.2029 0.0207 1.8416
"C026" 82.4637 29.1136 5.8264 7.117 57.7291 3.333 2.6067 0.0684 -0.0114 1.8121
"C027" 90.1147 30.1924 8.1869 13.8888 60.1829 4.4106 2.4743 -0.0094 0.0139 1.8235
"C029" 87.1942 29.1378 9.0921 16.0802 58.2651 4.8378 2.4683 0.0585 -0.0317 1.779
"C030" 85.9865 29.0135 5.8566 9.3106 57.9909 3.1851 2.5906 0.1501 0.004 1.8115
"C031" 91.8213 30.6768 9.4934 17.4846 61.1163 5.0051 2.5639 0.0675 -0.0342 1.7838
"C032" 77.7961 27.7951 5.0114 5.3127 55.2018 2.9313 2.4725 0.1579 -0.0138 1.7735
"C033" 85.8201 29.1103 10.0952 16.6077 58.0845 5.4572 2.5618 0.0632 -0.0115 1.8155
"C034" 92.866 27.8969 5.5443 15.3926 57.4047 2.3246 2.3998 0.1529 -0.0167 1.7701
"C035" 73.4945 24.967 0.707 -0.3119 50.4528 0.5168 2.371 -0.1586 -0.0445 1.79
"C053" 81.3227 27.8896 5.7604 5.5042 55.7222 3.524 2.6039 0.1413 -0.0224 1.7991
"C055" 74.3212 23.7924 0.3615 0.5517 49.1799 0.035 2.5918 0.1169 0.0152 1.8404
"C056" 75.4788 24.6947 2.0455 0.1758 50.3388 1.532 2.5048 -0.0259 -0.0059 1.8296
"C057" 79.8448 27.4551 1.2766 0.1901 54.9139 0.9358 2.5892 0.0546 -0.0014 1.8218
"C058" 65.6302 24.3226 -1.6519 -9.2482 48.5391 -0.2872 2.5134 0.0109 -0.0225 1.7968
"C059" 71.6389 26.4099 0.3879 -5.4055 52.4182 0.7516 2.629 0.0181 0.0047 1.8369
"C060" 79.6416 26.6227 3.507 1.638 53.7184 2.3407 2.5722 0.1319 -0.0057 1.8149
"C061" 81.6746 27.6315 6.1897 9.0258 55.3893 3.5084 2.5855 0.1432 -0.0097 1.8008
"C062" 74.9011 24.2668 -2.518 -3.3096 49.6429 -1.3847 2.6047 0.1318 0.0074 1.8147
"C063" 67.3418 25.571 -0.9877 -10.7566 50.6855 0.2234 2.5554 0.1302 0.01 1.8052
"C064" 76.7935 27.2221 3.6886 3.0773 54.2297 2.2936 2.674 0.2317 0.0295 1.8337
"C065" 82.2846 26.8628 2.478 3.2764 54.365 1.4674 2.6012 0.3218 0.0199 1.8066
"C066" 78.7967 26.6405 3.5502 3.2043 53.5681 2.2506 2.5149 0.1372 0.0186 1.8126
"C067" 76.4369 26.0672 2.6439 1.0957 52.4163 1.7938 2.5072 -0.055 -0.0292 1.8051
"C068" 78.9092 25.945 3.8273 6.6745 52.6191 2.0107 2.487 0.0447 -0.0162 1.8092
"C069" 65.1037 21.8537 -2.2667 -6.6155 44.8566 -0.8776 2.4535 -0.0569 -0.0096 1.8298
"C070" 63.8504 21.023 -5.9283 -10.3071 43.5371 -3.194 2.4861 0.0559 0.0102 1.8291
"C071" 68.2949 23.1716 -1.847 -6.1249 47.1944 -0.6791 2.6505 0.2304 0.0188 1.8434
"C072" 76.2616 26.5745 2.4331 2.9638 53.1924 1.402 2.5329 -0.0177 -0.0217 1.8056
"C074" 70.1853 24.7185 -0.659 -1.956 49.6862 -0.2631 2.4603 0.0013 -0.0054 1.819
"C075" 72.1479 24.734 1.9094 3.0829 49.939 1.0422 2.4832 0.0611 0.0066 1.821
"C076" 71.2117 24.0636 -2.1258 -3.4153 48.8652 -1.1565 2.5212 0.0684 0.0107 1.8219
"C077" 75.8169 24.3695 -0.5499 1.3022 49.9532 -0.5468 2.7397 0.3348 0.0488 1.8479
"C078" 75.7567 24.0699 -0.5988 4.3177 49.532 -0.8293 2.462 -0.04 -0.0042 1.8097
"C079" 70.861 24.0966 -0.1594 0.4266 48.8875 -0.1591 2.4985 0.1716 0.017 1.808
"C080" 82.247 26.1041 6.3992 15.0835 53.2451 3.0592 2.6212 0.1103 0.0087 1.8394
"C081" 69.1359 23.0223 -1.6779 -2.8727 47.1699 -0.9363 2.5522 0.1947 0.0432 1.8412
"C082" 77.0993 25.5886 3.2332 5.3419 51.8356 1.7466 2.4183 -0.1236 -0.0205 1.8177
"C083" 77.4537 23.7234 0.3977 2.2379 49.4197 -0.0038 2.4938 0.0181 -0.0344 1.8028
"C085" 85.8254 27.4893 7.2799 12.9974 55.7757 3.9055 2.5589 0.0208 -0.0168 1.8168
"C086" 79.658 25.366 1.5477 4.664 51.8828 0.7338 2.729 0.0825 0.0019 1.8483
"C087" 79.9149 25.3553 3.5802 8.8205 51.9253 1.7367 2.6142 0.059 -0.0135 1.8225
"C088" 79.9642 24.2893 3.9748 9.2344 50.5384 1.8596 2.4957 -0.107 -0.0175 1.83
"C089" 91.9158 28.5634 7.8484 17.0846 58.0826 3.9857 2.5538 -0.0526 -0.0155 1.822
"C090" 85.9146 27.1663 4.9385 10.2042 55.266 2.5874 2.4673 -0.0845 -0.0207 1.803
"C092" 82.8201 27.2397 5.1199 9.1454 54.9399 2.8528 2.4355 -0.0793 -0.0306 1.8042
"C093" 72.959 25.1931 3.2244 2.3606 50.7289 2.096 2.4711 -0.0068 -0.0122 1.8126
"C094" 80.7379 25.3246 2.0305 4.6898 52.0085 1.0031 2.5947 0.134 -5e-04 1.809
"C095" 82.8873 25.1577 2.4652 9.9148 52.0709 0.8533 2.4456 -0.1123 -0.0126 1.8117
"C096" 79.0285 24.4672 0.6671 5.2072 50.6213 -0.0016 2.5117 -0.0528 -0.0257 1.8064
"C097" 76.8563 25.6194 3.3341 4.8884 51.8558 1.9585 2.4805 0.0978 -0.0023 1.7991
"C098" 84.2255 26.7525 8.1869 15.5286 54.5076 4.3022 2.6873 0.1207 -0.0032 1.8378
"C099" 79.8174 26.4934 4.6341 8.1516 53.4799 2.5909 2.5324 0.0546 -0.0097 1.8088
"C101" 72.5781 25.6577 -1.1005 -3.4929 51.3668 -0.4303 2.4452 -0.0692 -0.0165 1.8106
"C102" 80.268 26.2001 1.1878 2.6636 53.1299 0.7067 2.6127 0.0426 -0.012 1.8254
"C103" 73.1319 26.5912 -2.7757 -4.7133 52.8481 -1.4657 2.5928 0.0453 -0.0061 1.8049
"C104" 69.9137 26.2343 -1.8663 -7.2661 51.9736 -0.7062 2.5725 0.0305 0.0066 1.8278
"C105" 75.0384 27.6311 -1.0073 -4.3074 54.6718 -0.3578 2.6717 0.0213 0.0012 1.8353
"C107" 81.6702 28.5992 1.5388 1.2704 56.8609 0.921 2.6606 0.1959 0.0199 1.8171
"C108" 79.5097 27.7166 0.3354 2.1855 55.2852 0.0555 2.5709 0.0092 -0.0063 1.8056
"C109" 72.835 26.0265 -3.3268 -5.3379 51.9715 -1.7989 2.5552 -0.0132 -0.0156 1.804
"C110" 79.43 27.4357 3.1646 6.3813 54.8294 1.6287 2.6873 0.1167 0.0127 1.8414
"C111" 67.4536 25.2324 -4.0527 -8.5639 50.1372 -2.0269 2.4733 -0.0084 0.0151 1.8213
"C112" 62.3507 22.1286 -8.7793 -15.5432 44.8875 -4.592 2.609 0.1918 0.0324 1.8283
"C113" 61.0381 20.9408 -8.5596 -13.8548 43.0096 -4.5857 2.6722 0.371 0.0641 1.8511
"C114" 75.6529 28.0656 3.4463 1.6439 55.3946 2.1624 2.2891 -0.1864 -0.0525 1.7568
"C115" 83.1414 28.4541 4.8253 7.5976 56.8003 2.7278 2.5183 0.0103 -0.0206 1.7885
"C116" 72.2422 25.7279 0.6448 0.2822 51.4497 0.4329 2.4832 -0.0046 -0.0115 1.8014
"C117" 73.7619 26.3209 2.2233 0.2684 52.5031 1.6207 2.3968 -0.1468 -0.0366 1.7867
"C118" 85.4533 28.2757 4.646 12.3845 56.8235 2.1282 2.4215 -0.0939 -0.0248 1.7823
"C119" 81.5747 26.5059 1.5447 5.3806 53.7426 0.6863 2.5947 0.1414 -0.0058 1.8027
"C120" 75.4739 27.7485 0.994 0.4018 54.9098 0.6071 2.4614 -0.1224 -0.0262 1.7849
"C121" 77.269 27.5851 0.8189 1.3178 54.828 0.4426 2.4272 -0.102 -0.0173 1.7799
"C123" 73.5512 27.4771 0.7917 -0.3643 54.2934 0.5266 2.5019 0.0097 -0.0142 1.7942
"C124" 75.0854 26.674 -0.4696 -1.2035 53.19 -0.2112 2.5046 0.0664 0.0053 1.7884
"C125" 62.7107 24.0937 -5.755 -11.3513 47.8809 -2.9387 2.3715 -0.1703 -0.022 1.7836
"C126" 76.1714 27.2496 4.1878 7.2337 54.1902 2.2358 2.5321 -0.012 0.0032 1.8178
"C127" 72.4946 25.3836 -2.8787 -4.704 50.9947 -1.5494 2.1828 -0.1096 -0.0098 1.7647
"C128" 65.1909 24.6326 -1.1987 -8.1527 48.9657 -0.1541 2.4061 -0.0639 -0.0241 1.7954
"C129" 74.5553 24.6854 1.1645 3.2607 50.1855 0.5069 2.5173 0.035 -0.0042 1.8189
"C130" 70.2063 25.3191 -1.6524 -4.3631 50.5804 -0.7603 2.5813 -0.037 0.0067 1.8369
"C131" 81.5212 28.2497 6.0526 10.8514 56.2954 3.1839 2.6079 0.0808 -0.0203 1.7996
"C132" 84.2946 27.0259 4.0428 9.0282 54.8808 1.9564 2.5344 0.0765 -0.0033 1.8097
"C133" 80.0013 28.01 3.6362 5.5946 55.7681 1.9851 2.5821 0.0038 -0.0099 1.8114
"C134" 71.8117 26.0513 -0.3523 -3.4742 51.8729 0.0252 2.5832 0.0595 0.0256 1.833
"C136" 85.6038 29.7632 7.363 12.3537 59.0808 3.9292 2.5135 0.0268 -0.0208 1.7978
"C137" 80.2706 28.2554 6.7744 10.0968 56.1765 3.7111 2.5863 0.1365 -0.0152 1.7933
"C138" 82.7474 28.0418 4.2278 7.1239 56.1036 2.2731 2.5854 0.1528 8e-04 1.794
"C139" 75.0238 26.95 5.396 6.7515 53.6145 3.0526 2.6472 0.1087 0.0039 1.8287
"C140" 69.7174 25.8685 0.6316 -1.5238 51.3752 0.5188 2.5344 0.0847 0.0209 1.8232
"C141" 78.9409 26.6636 1.5426 2.4076 53.6322 0.8471 2.4038 0.117 2e-04 1.7849
"C142" 69.5963 25.1485 0.2761 -3.27 50.2511 0.4541 2.5117 -0.0579 -0.0154 1.8169
"C143" 78.5058 26.8242 1.0833 1.5486 53.8423 0.6015 2.4889 -0.0671 -0.0058 1.8281
"C144" 75.676 27.7959 3.0171 0.1664 55.0208 1.9608 2.4687 -0.1097 -0.0114 1.821
"C146" 72.7924 24.273 -1.4968 -0.6682 49.3635 -0.954 2.8074 0.2168 0.0254 1.8614
"C147" 77.3231 28.2559 1.8689 2.0883 55.8856 1.0601 2.5041 -0.1197 -0.0036 1.8163
"C148" 75.9211 27.7757 2.9006 3.0853 54.9827 1.6615 2.566 -0.0695 -0.0131 1.8196
"C149" 84.4416 27.8225 3.326 7.0092 56.0032 1.7046 2.4415 -0.1248 -0.003 1.8228
"C151" 81.379 28.8584 3.67 5.963 57.227 1.976 2.4854 -0.1097 -0.0115 1.8199
"C152" 86.6638 27.9332 2.7804 8.8743 56.4954 1.1161 2.5902 0.0492 0.0262 1.8324
"C153" 62.9467 23.1315 -6.911 -11.7672 46.4317 -3.6684 2.7746 0.1365 0.0333 1.8542
"C154" 85.38 30.1407 9.5885 14.9417 59.6463 5.1949 2.7957 0.1488 0.0098 1.8474
"C155" 85.0958 27.699 5.1221 12.0383 55.8911 2.4898 2.5902 0.1255 -0.0114 1.8121
"C156" 88.7064 29.6911 9.2446 15.5617 59.2849 5.0465 2.6407 0.121 -0.0159 1.8059
"C157" 71.9337 24.2635 0.3596 2.3727 49.2299 0.0501 2.5683 0.0689 0.0052 1.8309
"C158" 85.8589 29.7864 5.4504 10.4128 59.1395 2.8111 2.5749 0.0158 -0.0128 1.8109
"C159" 74.3458 27.3306 2.1238 3.0105 54.1505 1.1483 2.5145 -0.0181 0.0056 1.8152
"C160" 66.7606 24.7375 -1.3309 -6.7722 49.3563 -0.3668 2.4684 -0.0067 8e-04 1.8164
"C161" 77.4392 24.9938 -1.184 3.437 51.0288 -1.1136 2.6127 0.1151 0.0185 1.8264
"C162" 88.7733 29.7511 7.654 14.8835 59.379 3.9475 2.6084 0.1587 0.0029 1.7987
"C163" 76.991 27.0863 2.6816 6.1767 54.0343 1.2999 2.5597 0.0128 -0.0059 1.8047
"C164" 73.8181 25.803 0.0384 2.1552 51.7397 -0.1477 2.537 -0.0165 0.003 1.8213
"C165" 85.7965 28.4902 6.9003 15.9868 57.169 3.3473 2.4667 0.0949 -0.0176 1.7701
"C166" 76.9463 27.817 7.0699 10.4076 55.1377 3.8847 2.6742 0.1184 0.0079 1.8352
"C167" 72.9167 25.9786 1.8168 1.5329 51.8865 1.1327 2.6381 0.2358 0.0287 1.8233
"C168" 86.2335 26.283 6.1208 17.8506 54.0929 2.6312 2.5636 0.2773 0.0331 1.8188
"C169" 53.9806 20.6936 -8.1771 -17.152 41.6472 -4.0356 2.5777 -0.0091 9e-04 1.8357
"C170" 81.9838 25.8032 2.179 4.2425 52.8144 1.1549 2.4363 -0.0142 -0.0157 1.7993
"C171" 77.9051 24.555 1.5928 2.2141 50.533 0.9328 2.4387 -0.0473 -0.0188 1.8104
"C172" 87.2546 30.5554 6.1526 7.2119 60.4369 3.5764 2.537 0.047 -0.023 1.7938
"C173" 81.727 28.4273 3.9741 5.7952 56.596 2.2414 2.363 -0.1004 -0.0349 1.7679
"C174" 76.3132 24.5067 1.3318 3.1451 50.2376 0.5914 2.5618 0.0393 0.013 1.84
"C175" 82.5511 24.3703 0.2047 4.1595 51.0631 -0.3713 2.534 0.1382 0.0179 1.8322
"C176" 77.3952 27.1658 1.5463 -0.7536 54.2159 1.1013 2.4133 -0.0583 0.0192 1.8223
"C178" 77.5603 24.8945 1.065 4.5235 50.9115 0.3118 2.4528 0.0551 -0.0073 1.7969
"C179" 85.1574 26.5799 2.3862 9.7465 54.334 0.7898 2.4848 0.0071 -0.0153 1.7884
"C180" 85.2123 29.6086 7.9809 10.8061 58.8448 4.462 2.3472 0.0446 -0.0154 1.7654
"C181" 80.9441 25.894 4.1132 9.8089 52.776 1.9581 2.5391 0.0526 -0.02 1.8004
"C182" 80.3177 27.1916 2.0715 0.9216 54.6054 1.3366 2.281 0.0462 -0.004 1.7764
"C183" 79.8092 27.2335 3.9111 3.8288 54.5759 2.3839 2.3902 0.0571 -0.0114 1.7764
"C184" 70.2576 24.2708 0.0389 -2.4353 49.0264 0.2506 2.6004 0.0882 0.0053 1.8402
"C186" 82.9588 28.0972 7.9777 10.1787 56.2365 4.6415 2.6612 0.0941 8e-04 1.8341
"C187" 70.3039 22.8258 -0.0786 1.1075 47.0102 -0.1986 2.8171 0.2702 0.0247 1.8619
"C188" 85.2596 27.9829 4.4923 10.1781 56.3999 2.1966 2.5044 -0.1022 -0.0134 1.8217
"C189" 80.9635 25.5979 2.1431 9.9929 52.3883 0.6046 2.4213 -0.1587 -0.0249 1.7962
"C190" 78.5931 26.7358 5.2374 8.2879 53.6987 2.859 2.4811 -0.0934 -0.0142 1.8171
"C191" 70.7425 23.3559 -2.5083 -1.7286 47.7923 -1.5693 2.883 0.2001 0.0258 1.87
"C192" 75.6815 24.5319 1.8662 7.1099 50.1768 0.6203 2.626 0.0343 0.0033 1.8371
"C193" 74.1202 25.816 1.5852 1.8118 51.7848 0.9453 2.6403 -0.0026 0.0131 1.8484
"C195" 77.0677 24.8063 3.2339 8.9921 50.7038 1.4162 2.7324 0.218 0.0231 1.8456
"C196" 85.7505 26.5229 4.4416 12.2253 54.3851 1.9083 2.5631 0.0659 0.0225 1.8298
"C197" 76.4399 26.5593 4.7186 6.9949 53.2059 2.6054 2.5493 0.1301 0.0167 1.8158
"C198" 72.8242 26.8751 4.4546 3.6812 53.266 2.6796 2.809 0.2948 0.0397 1.856
"C200" 78.286 23.5404 0.6921 2.3327 49.2084 0.2844 2.4671 -0.0088 -0.013 1.8219
"C201" 90.3192 29.7035 5.6106 10.0142 59.4709 3.0909 2.5186 0.0387 -0.005 1.8175
"C202" 90.5352 27.9688 6.8427 15.0065 57.2567 3.2657 2.5566 0.1088 0.0093 1.8279
"C203" 75.316 24.5974 -2.0334 -2.3787 50.2198 -1.1541 2.6974 0.1413 0.009 1.8405
"C204" 80.6792 24.7036 0.8632 6.8842 51.1264 -0.0343 2.5845 0.1195 0.0047 1.8259
"C205" 77.9722 24.2088 1.5728 4.5418 50.0545 0.6598 2.5465 0.0341 0.0019 1.8346
"C206" 87.9097 28.04 4.6653 10.3778 56.8176 2.343 2.5793 0.0632 -0.0109 1.8118
"C207" 87.5201 29.486 7.1087 11.1448 58.8469 3.9798 2.4346 0.0101 0.001 1.8209
"C208" 71.2066 23.8014 -0.9513 -2.0924 48.4713 -0.415 2.5005 0.1129 0.0102 1.8202
"C209" 83.7302 25.7289 1.1027 7.2084 52.9751 0.1408 2.5669 0.0927 0.0054 1.8226
"C210" 84.5729 28.4721 6.317 10.2065 57.081 3.4503 2.5459 0.1584 -0.0017 1.8019
"C212" 78.6037 27.3665 1.9776 1.8094 54.6357 1.1982 2.5315 0.0156 -0.0089 1.8161
"C214" 83.6098 28.2644 4.6174 6.7283 56.5467 2.6606 2.6141 0.0433 -0.0194 1.8039
"C215" 94.5591 31.0443 6.4042 15.3761 61.9824 3.1098 2.5647 -0.0456 0.0054 1.8306
"C216" 76.8914 28.2268 1.8417 0.3188 55.8128 1.1535 2.6069 -0.0797 -0.0312 1.803
"C217" 78.7758 28.0933 3.7976 6.1028 55.7788 2.0336 2.6225 0.0271 0.0073 1.8312
"C218" 82.0128 28.4954 4.1669 4.7432 56.7431 2.432 2.5464 0.0202 -0.0031 1.8139
"C219" 82.3062 27.2324 0.9404 5.0171 54.9039 0.2124 2.7268 0.1349 0.0466 1.8581
"C221" 78.6057 27.7801 4.1246 6.4287 55.2651 2.2419 2.6313 0.1132 -0.0167 1.7959
"C222" 80.0166 27.8571 1.9248 2.3899 55.5389 1.0944 2.569 0.0681 0.0158 1.8131
"C223" 75.6643 28.1658 3.4372 2.1178 55.595 2.0637 2.3633 -0.0596 -0.022 1.7671
"C224" 84.1983 28.4924 7.0131 13.9228 56.9699 3.6011 2.8755 0.2687 0.0303 1.8591
"C225" 83.5874 29.3158 5.6711 10.343 58.1531 2.9722 2.4732 -0.0448 0.0145 1.8208
"C226" 67.7881 25.5139 -1.0915 -7.0814 50.6219 -0.1745 2.6362 -0.0017 -0.0021 1.8342
"C227" 77.5254 26.0139 -0.2551 -0.1481 52.4963 -0.1556 2.5055 0.0442 0.0171 1.8282
"C228" 88.953 28.9896 6.2341 11.1922 58.2567 3.3847 2.4684 -0.0479 0.0141 1.8235
"C229" 79.3308 26.5367 2.6646 5.1538 53.5172 1.3631 2.663 0.167 0.0317 1.845
"C230" 64.157 23.643 -8.3376 -15.9052 47.3339 -4.2926 2.421 -0.1347 0.0136 1.8249
"C231" 75.3645 26.9544 -0.4128 -2.0873 53.6516 -0.12 2.6452 0.0131 0.0169 1.8372
"C232" 83.2544 28.2925 4.4572 9.7022 56.5316 2.2317 2.5616 0.0207 0.0015 1.8114
"C233" 74.4516 24.9834 0.3791 1.264 50.6721 0.1115 2.6313 0.0431 0.034 1.8554
"C234" 88.8545 28.4811 5.2871 10.4435 57.5327 2.7829 2.5408 0.0793 0.0023 1.8111
"C236" 79.5152 27.8529 1.9204 3.3828 55.4698 1.0238 2.4756 -0.0248 -0.0101 1.7986
"C237" 79.7978 28.0117 2.4283 4.3675 55.7633 1.2651 2.479 -0.0645 0.0251 1.8233
"C238" 78.5577 27.3931 2.0951 4.4341 54.6703 1.0484 2.5767 0.1133 0.0267 1.8191
"C239" 77.8914 23.1235 -5.2322 -1.5242 48.689 -3.688 2.3507 0.0501 0.0373 1.8121
"C240" 79.6675 27.0377 4.3216 6.6685 54.2761 2.4257 2.6569 0.3741 0.0727 1.846
"C241" 79.236 28.0509 3.9408 3.4873 55.7474 2.3614 2.5462 -0.0371 -0.0117 1.8107
"C253" 87.2607 29.1348 6.8034 13.0705 58.292 3.545 2.3553 -0.0915 -0.05 1.7707
"C254" 89.6132 30.0252 8.3865 13.8882 59.9017 4.6123 2.4956 0.0164 -0.042 1.7785
"C255" 71.5742 24.0928 -6.188 -6.4522 48.9761 -3.6508 2.5289 0.0101 0.0067 1.8291
"C256" 78.2568 28.1868 4.2885 6.7403 55.8556 2.3179 2.4676 -0.0363 -0.0326 1.7885
"C257" 80.3417 27.5396 2.9307 4.2287 55.0929 1.6671 2.25 -0.1846 -0.0472 1.767
"C258" 82.7077 27.1208 5.1497 11.5559 54.9353 2.4409 2.4915 -0.0598 -0.0085 1.824
"C259" 79.4019 27.474 1.4214 4.1486 54.8775 0.646 2.5214 -0.0335 -0.0245 1.7981
"C260" 69.9305 25.7231 0.4407 -1.09 51.1671 0.3758 2.3071 -0.1194 -0.0341 1.7757
"C261" 81.275 28.9685 4.5575 7.8805 57.3851 2.4139 2.4969 -0.0095 -0.0211 1.7881
"C262" 75.0833 27.4444 1.2078 0.84 54.384 0.7254 2.5564 0.0433 -0.0161 1.801
"C263" 81.8837 28.5446 4.725 9.7959 56.7928 2.3919 2.4426 0.0162 -0.0236 1.7799
"C264" 78.1391 27.5313 1.4157 0.7592 54.8294 0.9117 1.9926 -0.271 -0.0404 1.7455
"C265" 89.7593 27.4774 6.8225 18.7961 56.2696 3.0574 2.5913 0.3454 0.0359 1.8203
"C267" 81.9059 28.3629 3.6531 6.9558 56.5016 1.9091 2.5624 0.0806 -0.0103 1.8022
"C268" 72.9143 26.5859 1.6528 2.075 52.8389 0.9252 2.4338 -0.0215 -0.0201 1.7783
"C269" 82.4617 27.8847 4.6324 10.1219 55.8738 2.292 2.5247 -0.0335 -0.0071 1.8143
"C270" 75.6748 26.5106 3.7558 7.2346 53.0072 1.9316 2.5395 0.0726 7e-04 1.8118
"C271" 63.1093 19.5191 -9.7148 -9.9469 41.5189 -6.0202 2.3074 -0.1561 -0.0053 1.7934
"C272" 84.0191 27.4345 3.9908 10.513 55.3629 1.8487 2.3651 -0.0551 -0.0311 1.7655
"C273" 72.1308 23.8898 -2.1337 0.9638 48.7268 -1.5394 2.2616 -0.2146 -0.0323 1.7747
"C274" 76.4633 26.9022 4.2762 7.1497 53.7043 2.2808 2.2999 0.0055 -0.0192 1.7572
"C275" 77.9366 25.6896 4.8648 11.8939 52.0919 2.2789 2.4722 -0.0062 -0.0266 1.7894
"C276" 84.5279 30.0462 9.654 15.5163 59.4062 5.1832 2.4377 0.0482 -0.0207 1.7728
"C277" 83.5813 27.5397 6.2935 12.6934 55.5225 3.2154 2.4051 0.0801 -0.0133 1.7701
"C278" 74.24 24.6689 3.0132 6.3531 50.1446 1.5387 2.2617 0.0527 -0.0053 1.7691
"C279" 73.0708 24.6964 1.0267 2.4341 50.0102 0.4887 2.4097 -0.0997 -0.0204 1.8031
"C280" 77.4514 26.1196 -0.2302 -0.6721 52.6595 -0.0963 2.5241 0.1061 0.005 1.814
"C282" 76.2443 24.4129 -0.4315 0.0839 50.0342 -0.2125 2.4317 -0.0768 0.0031 1.8246
"C283" 62.679 22.0947 -10.9766 -17.8331 44.8332 -5.8874 2.3625 -0.15 0.016 1.8252
"C284" 75.9099 26.3354 -1.3663 -0.4913 52.7811 -0.8536 2.256 -0.23 -0.0317 1.7634
"C285" 82.824 28.3173 4.2063 7.0882 56.5698 2.2448 2.6067 0.1263 0.0037 1.809
"C286" 81.2361 26.3101 -0.796 3.3343 53.4068 -0.8108 2.5297 -0.0591 0.0102 1.8284
"C287" 73.3551 24.2266 -3.3976 -5.2436 49.4102 -1.8844 2.4041 -0.0243 0.0036 1.8047
"C288" 80.9046 26.142 2.6772 7.2671 53.1084 1.2236 2.7401 0.1951 0.0354 1.8547
"C289" 79.3584 25.3161 -0.6131 0.4974 51.7708 -0.4286 2.5293 0.111 0.0253 1.8319
"C290" 91.8199 30.1666 6.3252 14.0809 60.427 3.1001 2.5867 0.038 0.0026 1.812
"C291" 84.2283 27.8748 1.8596 5.6101 56.0547 0.8071 2.5468 0.0527 -0.0095 1.786
"C292" 75.2714 24.5118 -3.5911 -1.311 50.0966 -2.3638 2.4787 0.0215 0.0054 1.812
"C293" 78.0951 25.3225 1.6159 4.6462 51.7087 0.6639 2.1195 -0.1201 -0.028 1.7431
"C294" 78.7805 27.429 3.1465 2.2169 54.7931 1.9045 2.4221 0.0295 -0.0218 1.7736
"C296" 74.4735 25.2057 -1.3825 -4.0129 50.9376 -0.6015 2.484 0.1034 0.0083 1.7973
"C297" 79.6654 26.7258 1.9237 0.9167 53.8198 1.2849 2.4883 0.1179 0.0111 1.8057
"C298" 88.6165 29.1172 4.7464 10.1106 58.4537 2.3534 2.5528 0.1064 0.0076 1.791
"C300" 84.9699 29.2864 5.1121 8.4998 58.312 2.7146 2.4341 0.0248 -0.0195 1.775
"C301" 77.0878 27.3872 3.6146 3.6939 54.4989 2.1052 2.4233 0.0509 -0.0108 1.7737
"C302" 75.9965 25.609 -2.139 -2.9594 51.7066 -1.2014 2.3348 -0.0683 -0.0156 1.7657
"C303" 90.2902 28.7295 5.1102 14.5223 58.0958 2.2402 2.5443 0.0919 0.0176 1.8016
"C304" 79.1905 27.9941 3.4388 4.7293 55.6645 1.9067 2.3354 -0.0369 -0.0164 1.7618
"C305" 76.9194 26.2812 3.2254 3.5828 52.8305 1.9265 2.1636 -0.0281 -0.0079 1.7512
"C306" 78.1013 27.3715 3.1436 2.015 54.6008 1.9393 2.374 -0.1182 -0.0182 1.7901
"C307" 69.5134 26.0987 -0.2845 -5.4223 51.7451 0.2038 2.4053 -0.062 -0.0093 1.8023
"C308" 76.7982 27.5097 3.4034 3.3101 54.6777 2.0024 2.5593 0.0695 -0.0164 1.7938
"C309" 85.1873 26.5819 3.0708 10.1644 54.3717 1.2514 2.5826 0.0603 -0.0081 1.8019
"C310" 68.0546 25.5636 -2.5386 -5.1588 50.7487 -1.3044 2.4286 -0.1067 -0.0068 1.791
"C311" 72.838 26.4905 1.1552 0.2901 52.6586 0.739 2.4589 -0.0708 -0.0097 1.7983
"C312" 72.0898 24.8128 0.5536 1.6402 50.1248 0.2154 2.4714 -0.1229 0.0085 1.8305
"C313" 65.241 24.6547 -2.514 -10.4321 49.0098 -0.769 2.4258 -0.0418 -0.0186 1.7908
"C314" 75.4279 27.3713 1.054 0.8768 54.2957 0.6258 2.5104 -0.0876 -0.0254 1.7867
"C316" 68.0296 23.9115 -2.2925 -2.2887 48.2195 -1.3533 2.5145 0.0449 0.0041 1.8034
"C317" 72.8379 24.2079 -4.1967 -3.0423 49.2766 -2.5852 2.5331 0.0329 0.002 1.798
"C318" 72.5855 24.6289 -3.1156 -0.9555 49.8462 -2.0076 2.4892 -0.0669 -0.0046 1.8019
"C319" 72.6474 24.4404 -3.619 -4.0303 49.5804 -2.0967 2.3188 0.0122 0.0083 1.7837
"C320" 55.4204 21.189 -8.4839 -17.5904 42.601 -4.226 2.3581 -0.2313 -0.0047 1.8183
"C321" 69.8666 24.0103 -3.051 -6.005 48.5984 -1.4845 2.6132 0.0843 0.0103 1.8281
"C322" 72.6936 23.6873 -1.9007 0.4058 48.5788 -1.3762 2.5415 0.0329 -0.0122 1.8095
"C323" 79.7343 25.9782 0.8742 6.3377 52.7262 0.0622 2.3973 -0.1391 -0.0322 1.7836
"C324" 72.6855 25.8114 -2.0541 -2.877 51.6372 -1.1529 2.6094 -0.0353 0.0021 1.8308
"C326" 72.6382 23.1339 -2.1317 1.3399 47.7881 -1.6278 2.6704 0.0695 0.0157 1.8454
"C327" 74.8622 26.7336 -0.3378 -0.5376 53.2526 -0.1763 2.5889 -0.0157 -0.0042 1.8156
"C328" 69.4716 25.6489 -2.6862 -6.8074 50.9974 -1.2621 2.7834 0.2333 0.0331 1.839
"C329" 73.372 25.4174 -2.7296 -3.3569 51.0923 -1.5401 2.5245 0.0177 0.0059 1.8097
"C330" 77.3479 26.3778 -0.3062 0.7312 53.028 -0.2759 2.4786 0.0196 -0.0021 1.7897
"C331" 74.9203 25.0755 1.151 5.6549 50.8279 0.2931 2.685 0.12 0.0192 1.8425
"C332" 76.0317 26.3175 0.552 3.7973 52.754 0.0828 2.4496 -0.0264 -0.0208 1.78
"C333" 74.3957 23.9186 -4.4271 -3.1307 49.1209 -2.7829 2.4064 0.0932 0.006 1.7892
"C335" 87.4037 28.9562 7.812 13.3854 58.029 4.2692 2.4889 0.1417 -0.0084 1.7787
"C336" 76.0773 26.3567 -1.0126 -0.2424 52.8532 -0.6609 2.5399 0.1532 0.0118 1.8008
"C337" 82.5894 28.4703 4.5496 10.3806 56.753 2.2457 2.386 0.0259 -0.0111 1.7638
"C338" 78.2612 27.3842 4.2126 6.7179 54.6321 2.2761 2.4121 0.0575 -0.0234 1.7617
"C339" 76.3081 26.3784 0.63 2.5988 52.8887 0.2219 2.5621 0.0991 0.0028 1.8008
"C340" 73.5269 26.0338 1.6403 -1.1416 52.0801 1.2535 2.4486 0.1562 -0.0166 1.7699
"C341" 76.4652 27.0702 1.6977 2.0395 53.9488 0.967 2.5459 0.1776 0.0339 1.8092
"C342" 79.2768 27.6163 3.3214 6.8869 55.065 1.7051 2.2785 -0.0528 -0.0351 1.7513
"C343" 72.5706 25.3919 -1.4142 -2.305 50.9752 -0.7578 2.2224 -0.1027 -0.016 1.7571
"C344" 81.7304 27.1617 2.8102 6.967 54.7118 1.3158 2.1913 -0.086 -0.016 1.7451
"C345" 77.9828 25.9051 0.858 6.295 52.3873 0.0764 2.3159 -0.0584 -0.0142 1.7616
"C346" 83.395 28.5564 5.0938 10.8586 56.9717 2.5633 2.5626 0.1816 0.008 1.7917
"C347" 81.7903 28.7105 8.7548 14.3782 56.9992 4.7359 2.2877 -0.0955 -0.0388 1.7538
"C348" 79.8475 28.5078 5.7447 9.4665 56.5142 3.081 2.2412 -0.0532 -0.0163 1.7538
"C349" 83.2598 27.9907 8.0812 12.5126 56.0972 4.5144 2.7547 0.2236 0.0089 1.8356
"C350" 81.0835 26.1774 6.9745 14.9095 53.2607 3.4341 2.8373 0.2342 0.0233 1.8621
"C351" 76.1595 26.9999 5.5577 4.7621 53.7966 3.4303 2.6318 0.1554 0.0087 1.8349
"C352" 73.8341 26.0978 2.1207 2.6794 52.1707 1.2053 2.5353 -0.0169 -0.0176 1.7973
"C353" 76.2816 26.5799 3.8218 7.1627 53.3645 1.8794 2.5848 0.0695 0.0067 1.8328
"C354" 78.4496 25.8182 2.1587 6.845 52.3471 0.8792 2.4238 -0.0852 -0.024 1.7888
"C355" 81.9089 27.919 6.1442 10.4166 55.8449 3.2838 2.3995 -0.0617 -0.025 1.7757
"C356" 75.2614 26.0688 2.9605 6.8447 52.2888 1.4508 2.3346 -0.2237 -0.0493 1.7662
"C357" 69.1536 25.203 1.7128 2.0436 50.2813 0.9869 2.3653 -0.1129 -0.0211 1.7886
"C358" 81.0582 26.4748 3.6968 8.6561 53.6113 1.7918 2.4854 0.17 0.0361 1.8283
"C359" 71.8801 25.6038 3.1683 2.8937 51.2136 1.9263 2.2894 -0.1244 -0.0342 1.7653
"C360" 74.9379 25.7322 5.8253 8.9525 51.7731 3.2488 2.2223 -0.0755 -0.0376 1.753
"C361" 79.2541 28.3829 8.4654 10.519 56.2653 4.822 2.3939 -0.2043 -0.0577 1.7821
"C362" 82.9178 28.188 5.0996 9.2889 56.3694 2.6949 2.5009 0.1136 -0.0136 1.7923
"C363" 78.4124 27.6262 4.4983 6.231 55.0128 2.5208 2.5094 0.0997 -0.0121 1.7924
"C364" 74.0149 25.1861 1.4951 3.8825 50.8661 0.6889 2.5478 0.1258 0.007 1.8152
"C365" 81.0994 28.9707 4.8448 9.1928 57.3723 2.5046 2.5005 0.0453 -0.0151 1.777
"C366" 75.156 27.359 1.7005 1.7489 54.2834 0.9609 2.5728 0.0148 0.0063 1.8215
"C367" 76.5291 27.2172 3.5814 7.0216 54.1742 1.8327 2.5489 0.0821 -1e-04 1.8047
"C368" 84.9725 28.5666 6.0166 10.8684 57.2046 3.1785 2.5885 0.1909 0.0036 1.8016
"C370" 76.3633 27.303 1.5812 1.7898 54.2947 0.9117 2.3248 -0.0953 -0.0261 1.7642
"C371" 82.879 27.9892 4.254 11.4933 56.1074 1.9189 2.5716 0.1022 -0.0024 1.7906
"C372" 78.8052 27.9901 3.173 3.4342 55.6125 1.8549 2.4516 0.225 0.0226 1.7923
"C373" 76.8474 27.6728 4.3398 4.8921 54.9103 2.5431 2.3792 0.0543 -0.0035 1.7735
"C374" 79.43 27.5869 6.5714 10.4757 55.0443 3.6512 2.1635 -0.0453 -0.0103 1.7579
"C376" 83.3643 27.4675 4.6618 7.9399 55.3787 2.5034 2.0066 -0.2525 -0.0492 1.7414
"C377" 83.5694 25.3449 2.218 6.6116 52.4098 0.9756 2.4577 0.1427 0.0055 1.8064
"C378" 70.4061 26.2309 -3.4967 -10.9035 52.0392 -1.4951 2.4283 0.1094 0.02 1.8086
"C379" 94.6311 31.0013 8.0323 15.9319 61.9611 4.1364 2.5062 0.111 0.0198 1.8174
"C380" 79.9224 27.6995 3.3472 5.1228 55.286 1.8482 2.4452 0.1412 0.0087 1.7959
"C381" 79.6477 24.8561 1.0214 5.2126 51.1787 0.1937 2.4598 0.1084 0.0272 1.8259
"C382" 80.4149 27.9221 3.5615 0.7565 55.6714 2.4334 2.3994 0.1747 -0.0029 1.7832
"C383" 87.0286 28.7546 3.8971 8.4922 57.725 1.9442 2.5266 0.1714 0.0236 1.8124
"C385" 81.2311 27.9599 4.7332 6.9275 55.8313 2.6301 2.4245 0.1979 -0.0074 1.7686
"C386" 79.4193 24.3627 -3.5632 -0.4463 50.4963 -2.4954 2.4393 0.182 0.0165 1.7892
"C387" 71.5104 24.9618 -3.3604 -8.2429 50.2113 -1.5924 2.2521 0.0426 0.002 1.7626
"C388" 77.5187 26.8453 1.6142 1.8456 53.7296 0.9517 2.2571 0.1256 0.0132 1.7658
"C390" 77.5301 28.3181 6.0015 3.4725 55.9928 3.7513 2.5879 0.2426 0.0325 1.8268
"C391" 77.8605 24.6349 2.2983 4.3184 50.6209 1.271 2.446 0.0327 0.0141 1.8224
"C392" 69.874 25.5053 -1.1865 -3.909 50.8178 -0.4222 2.5293 0.1386 0.0373 1.8192
"C393" 70.4221 26.3256 1.9463 -2.6955 52.1667 1.5146 2.6077 0.2225 0.0449 1.837
"C394" 71.6888 25.9736 -0.3354 -3.5947 51.7243 0.1141 2.8676 0.3741 0.0527 1.8577
"C395" 80.8638 24.13 2.1659 9.8445 50.454 0.4731 2.6592 0.2094 0.0447 1.8508
"C396" 77.0982 25.4378 1.347 0.8555 51.5879 0.9546 2.722 0.399 0.0587 1.8522
"C397" 84.3121 28.5315 5.0761 9.1913 57.0348 2.7265 2.6322 0.1787 0.0375 1.8336
"C398" 81.2994 25.8363 1.0086 5.2995 53.0606 0.0301 2.6278 0.2289 0.072 1.8543
"C401" 67.5559 22.9897 -5.3951 -8.894 46.7952 -2.8629 2.3321 -0.0235 0.0046 1.7847
"C402" 83.6182 28.588 5.3346 7.2806 57.0372 3.0392 2.2852 -0.0226 -0.016 1.7521
"C403" 71.9749 23.1685 -3.5948 -1.2871 47.7354 -2.3631 2.4832 0.0783 0.0335 1.8163
"C404" 69.3618 25.014 -1.6332 -4.7489 50.0457 -0.682 2.7519 0.3403 0.0539 1.8445
"C405" 73.1407 25.1179 0.3902 0.8833 50.6365 0.2297 2.2128 -0.017 0.0051 1.765
"C406" 80.8792 26.5903 1.8953 3.6318 53.8117 0.9938 2.4786 0.3165 0.064 1.8235
"C407" 79.376 26.6266 5.7385 8.3194 53.6323 3.2539 2.4894 0.2602 0.0243 1.8096
"C408" 81.3257 24.8479 3.4916 8.7342 51.4119 1.652 2.5072 0.2455 0.0378 1.8229
"C409" 72.8015 23.1972 1.2089 3.7937 47.9592 0.4327 2.6316 0.3902 0.0615 1.8505
"C410" 75.2566 22.5704 1.2868 4.7154 47.512 0.4006 2.3781 0.0809 0.0278 1.8272
"C411" 74.1341 25.7594 1.8085 3.3521 51.7153 1.026 2.4512 0.1766 0.05 1.8229
"C412" 86.5842 28.606 9.3095 16.4676 57.4324 4.989 2.5186 0.2495 0.0385 1.8216
"C413" 84.206 27.2036 5.195 11.9234 55.1571 2.5383 2.8538 0.4763 0.0538 1.8499
"C414" 79.9629 23.5121 0.9221 6.9834 49.4894 -0.1434 2.4847 0.2676 0.0311 1.81
"C415" 78.823 23.8785 3.5352 10.8047 49.7259 1.4157 2.6427 0.309 0.0484 1.8455
"C417" 76.5612 24.9685 1.6505 6.3002 50.8833 0.631 2.3987 0.1098 0.0165 1.7904
"C418" 85.0765 25.7824 3.6678 13.9668 53.2491 1.2805 2.5068 0.2113 0.0451 1.8267
"C419" 76.2401 24.2925 1.7967 6.9836 49.9455 0.5984 2.1423 0.0286 0.0107 1.7617
"C420" 72.1376 23.6616 0.4492 1.307 48.399 0.2645 2.2589 0.1145 0.016 1.7739
"C421" 72.022 24.0263 1.1839 1.4426 48.8882 0.7459 2.3506 0.0218 -0.0049 1.7933
"C422" 77.012 25.5643 1.2746 1.7579 51.7757 0.7264 2.3771 -0.1301 -0.0334 1.8026
"C423" 82.4118 26.4923 5.7409 9.1209 53.8182 3.245 2.419 -0.1787 -0.0524 1.7962
"C424" 66.8063 25.2367 -3.333 -10.8363 50.0883 -1.3673 2.5455 -0.0561 -0.0253 1.8109
"C425" 75.2322 26.5642 1.3056 1.7005 53.0645 0.7533 2.3324 -0.2427 -0.0414 1.7808
"C426" 75.1023 26.3744 0.9206 0.0701 52.7348 0.6315 2.5188 -0.1591 -0.019 1.8262
"C427" 77.751 25.1301 0.8504 2.0217 51.2698 0.3972 2.3211 -0.1965 -0.0367 1.7913
"C428" 77.9351 25.6955 4.0363 7.167 52.0791 2.1552 2.6864 0.0522 0.0047 1.851
"C429" 74.8334 24.984 0.6647 -1.1581 50.6601 0.6173 2.4639 -0.0436 -0.0176 1.8161
"C430" 64.2141 24.2044 -3.7417 -11.9845 48.2032 -1.5316 2.4272 -0.1129 -0.0132 1.8071
"C431" 70.5822 25.5048 -0.4596 -3.2772 50.9738 -0.0747 2.5492 -0.0467 -0.0148 1.8161
"C432" 83.2293 28.1167 6.2769 11.2231 56.2778 3.3451 2.346 -0.0682 -0.0275 1.7727
"C433" 81.93 28.2029 5.9411 10.2259 56.2662 3.1898 2.4574 -0.0519 -0.0193 1.798
"C434" 75.4558 23.9182 -2.3528 -1.5403 49.3181 -1.5618 2.2045 -0.142 -0.0257 1.774
"C435" 75.321 24.8152 0.7916 1.7406 50.5934 0.3406 1.9215 -0.5233 -0.072 1.7351
